1 0.82 0.5
1 0.23 -0.99
1 -0.56 -0.1
1 -0.46 -0.46
-1 0.17 0.39
1 0.86 0.95
1 -0.89 -0.93
1 -0.47 0.33
-1 -0.056 0.46
1 0.69 0.38
1 0.22 -0.69
1 0.62 -0.68
-1 -0.35 -0.22
1 0.37 0.45
1 0.23 0.98
1 0.85 0.84
1 -0.039 0.76
1 -0.17 0.85
1 -0.28 0.67
1 -0.26 0.93
1 -0.96 0.11
1 0.016 -0.86
-1 -0.13 0.33
1 -0.58 -0.14
-1 -0.3 -0.31
1 0.89 0.83
1 -0.5 0.58
1 -0.5 -0.26
1 0.8 -0.4
1 0.64 0.4
1 0.62 -0.59
1 -0.15 0.52
1 0.9 0.35
1 0.62 0.9
-1 -0.15 -0.22
-1 0.15 -0.26
1 0.43 -0.67
1 0.72 -0.45
-1 -0.16 -0.093
1 -0.84 -0.059
1 -0.6 -0.98
-1 0.29 -0.14
-1 -0.35 -0.23
1 0.52 0.019
1 0.75 0.19
1 0.82 -0.96
1 -0.41 0.69
1 -0.76 0.21
1 -0.54 -0.44
1 -0.65 0.54
1 0.37 0.39
1 -0.61 -0.31
1 -0.51 0.055
-1 0.17 -0.19
-1 -0.054 -0.17
1 0.78 0.84
-1 0.11 0.13
1 -0.91 -0.088
1 0.81 0.42
-1 0.15 -0.28
1 0.57 0.52
1 0.57 -0.94
1 -0.72 -0.19
1 -0.7 -0.92
1 -0.79 -0.28
1 -0.15 -0.6
1 -0.82 0.42
1 0.82 0.91
1 0.77 0.13
1 0.37 -0.56
1 0.29 0.51
1 0.87 0.22
1 0.76 -0.4
1 -0.83 -0.99
1 0.77 -0.37
1 0.32 0.97
1 0.23 -0.53
1 0.27 -0.91
1 -0.92 -0.78
1 0.65 -0.58
-1 -0.069 -0.08
1 -0.11 -0.66
1 0.82 -0.33
-1 -0.44 -0.12
1 -0.52 0.62
1 -0.47 0.38
-1 -0.39 0.076
1 0.37 -0.69
1 -0.52 -0.011
1 0.51 -0.14
1 0.1 0.6
1 -0.8 -0.25
-1 -0.37 -0.27
1 -0.95 0.56
1 0.8 0.45
1 0.84 0.96
1 0.17 -0.53
-1 0.12 0.062
-1 -0.34 -0.097
1 -0.18 -0.61
1 -0.79 0.58
1 0.63 -0.8
1 0.57 0.8
1 0.24 -0.48
1 -0.56 0.14
-1 0.45 0.16
1 0.21 -0.95
1 0.99 -0.55
1 -0.83 0.85
1 -0.96 0.3
1 0.76 0.95
1 -0.81 -0.51
1 0.89 0.25
-1 0.15 0.41
1 -0.26 -0.71
1 0.93 -0.39
1 -0.56 0.99
1 0.59 -0.81
-1 0.24 -0.15
-1 -0.16 -0.32
1 -0.47 0.45
1 -0.77 0.45
1 0.38 -0.91
1 1 0.8
1 0.51 -0.8
-1 -0.19 -0.26
1 -0.71 -0.19
-1 -0.47 0.14
1 -0.42 0.39
1 0.49 -0.33
1 0.062 -0.61
1 0.66 -0.42
1 -0.84 -0.73
1 -0.57 -0.28
1 -0.7 0.12
1 0.55 0.2
1 -0.13 -0.52
-1 -0.077 0.29
1 -0.98 -0.55
1 0.47 0.46
1 -0.88 -0.2
1 -0.93 -0.31
1 -0.17 -0.51
1 0.53 0.043
-1 -0.22 -0.31
-1 0.017 0.47
-1 0.33 0.2
1 0.5 0.3
-1 -0.26 -0.33
1 0.94 0.36
1 -0.68 -0.24
1 -0.83 -0.87
1 0.87 -0.036
1 0.53 0.78
1 -0.58 -0.56
1 0.28 0.59
-1 -0.45 -0.14
1 -0.76 -0.19
1 0.55 -0.7
1 0.72 0.73
1 0.69 0.48
1 -0.8 0.16
1 -0.11 0.85
1 -0.56 0.57
1 0.23 0.55
1 -0.23 0.67
1 0.0074 -0.79
1 -0.77 0.067
1 -0.78 0.64
1 0.97 1
1 -0.37 -0.65
1 -0.67 -0.13
1 -0.64 -0.31
1 -0.87 0.41
1 -0.86 0.15
-1 0.15 -0.092
1 -0.72 0.8
-1 0.22 0.43
1 -0.44 -0.81
1 0.24 -0.74
1 -0.35 0.68
1 -0.59 -0.064
1 0.38 -0.84
1 -0.38 -0.82
1 0.43 0.28
1 0.46 -0.78
1 -0.45 -0.95
1 -0.54 -0.24
-1 0.14 -0.027
-1 0.37 0.33
1 -0.14 0.87
1 -0.92 -0.86
1 -0.26 -0.67
1 -0.83 0.017
1 0.099 -0.64
1 0.52 -0.93
1 0.97 0.51
-1 0.36 0.13
1 -0.68 0.3
1 0.49 0.74
-1 -0.037 0.41
1 -0.51 0.43
1 -0.84 0.61
1 0.8 -0.89
1 0.99 0.69
1 0.46 -0.58
1 -0.26 0.79
1 -0.5 -0.27
1 -0.74 -0.31
1 -0.6 0.82
1 -0.14 0.77
1 -0.27 0.63
1 -0.014 0.68
1 -0.79 -0.45
1 -0.42 -0.83
1 0.19 -0.9
1 0.14 -1
1 -0.97 0.26
1 0.91 -0.55
1 -0.14 -0.78
1 0.33 -0.85
1 0.94 -0.31
1 0.6 0.81
-1 0.19 0.13
1 0.92 -0.27
1 0.55 -0.86
1 -0.33 0.7
1 0.71 0.12
1 -0.4 -0.72
1 -0.57 0.65
1 -0.88 -0.36
1 0.18 -0.61
-1 0.065 0.44
1 -0.75 -0.34
1 0.056 -1
1 -0.62 -0.89
1 -0.85 0.13
1 -0.98 0.88
1 0.97 0.86
1 -0.98 0.58
1 0.96 0.4
-1 0.43 -0.14
1 -0.39 0.48
-1 0.29 -0.2
1 -0.68 0.44
1 -0.42 -0.46
1 -0.32 -0.94
1 -0.76 0.27
1 0.8 0.83
1 -0.71 0.23
1 0.5 -0.025
1 0.39 -0.69
1 -0.67 -0.23
1 -0.86 -0.37
1 -0.96 0.37
1 0.54 -0.79
1 0.5 0.32
1 0.27 0.65
1 -0.81 0.94
1 -0.87 0.16
1 -0.66 -0.32
-1 -0.48 0.039
-1 -0.091 -0.46
1 -0.58 0.61
1 -0.77 -0.54
1 0.25 -0.75
1 0.24 0.92
1 -0.41 0.52
-1 0.013 0.23
-1 -0.39 0.043
1 0.86 -0.25
1 0.56 -0.54
1 -0.8 0.85
1 -0.96 0.52
-1 0.18 0.21
-1 -0.14 0.37
1 0.62 0.57
1 -0.72 0.99
-1 -0.17 -0.35
-1 0.39 0.081
1 0.24 0.6
1 -0.61 0.67
1 -0.58 0.43
1 0.39 0.94
1 -0.72 0.39
1 0.91 -0.014
1 -0.64 -0.2
1 0.65 -0.18
1 -0.46 -0.38
-1 0.19 0.21
1 0.66 0.45
1 0.45 0.82
1 0.44 0.72
1 -0.86 0.16
-1 -0.35 0.35
-1 -0.3 -0.37
1 -0.82 0.57
1 -0.5 0.15
1 -0.55 -0.47
1 0.64 0.09
-1 0.4 0.0085
1 -0.6 -0.57
1 0.46 -0.83
1 0.19 -0.53
1 0.15 -0.81
1 0.5 -0.28
1 -0.69 -0.55
1 0.42 -0.66
1 -0.018 -0.94
-1 0.068 0.32
1 -0.9 0.66
1 -0.71 -0.043
1 -0.64 -0.25
1 0.8 0.14
1 -0.5 0.46
1 -0.033 -0.97
1 -0.19 -0.56
-1 0.39 0.14
1 0.82 -0.07
-1 -0.0091 0.037
1 0.78 0.52
1 0.85 0.5
1 0.67 -0.16
1 0.84 0.74
1 1 -0.17
1 0.32 0.83
1 -0.35 -0.53
1 -0.35 0.44
1 -0.81 0.54
1 0.65 0.89
1 -0.87 0.012
1 -0.9 -0.42
1 -0.88 -0.71
1 0.61 0.48
1 -0.68 0.19
1 0.92 -0.71
1 0.52 0.25
1 -0.75 0.48
-1 -0.2 0.4
1 0.3 -0.62
1 -0.29 -0.77
1 -0.67 -0.79
1 0.48 0.46
-1 0.4 0.2
1 -0.6 0.12
1 0.42 -0.67
1 -0.7 -0.51
1 0.52 0.91
1 0.46 0.71
1 0.61 -0.52
-1 0.0098 -0.054
1 -0.07 -0.59
1 -0.22 -0.64
-1 0.11 0.4
1 -0.66 0.62
1 0.93 -0.66
1 0.76 0.94
1 0.44 0.37
1 0.81 0.79
1 -0.47 1
1 0.87 -0.12
1 0.89 -0.48
1 -0.36 0.7
1 -0.38 -0.89
1 0.39 -0.74
1 -0.94 0.28
1 -0.015 -0.82
1 0.59 -0.77
1 -0.2 0.84
-1 0.094 0.035
-1 -0.16 -0.15
1 -0.67 -0.6
1 0.59 -0.035
1 -0.76 0.85
1 -0.19 -0.72
-1 0.27 -0.12
1 0.49 -0.47
1 -0.68 0.89
1 -0.59 0.42
-1 0.1 0.28
1 -0.51 -0.21
-1 -0.16 0.24
1 -0.67 0.072
-1 0.41 -0.11
1 -0.88 -0.09
1 -0.26 0.49
1 -0.48 -0.34
1 0.11 0.63
-1 -0.16 -0.44
-1 -0.097 0.47
1 -0.78 0.84
-1 0.09 -0.19
1 0.62 -0.0081
-1 0.2 0.17
1 -0.99 0.39
1 -0.76 0.95
1 -0.0097 0.77
1 0.49 -0.87
1 0.79 -0.016
1 -0.56 -0.91
1 -0.31 0.87
1 -0.83 0.5
1 -0.15 0.63
1 0.97 -0.54
-1 -0.4 0.25
1 0.93 0.23
-1 -0.4 -0.035
-1 0.12 -0.18
1 0.053 -0.93
-1 -0.45 -0.05
1 -0.88 0.15
1 -0.59 -0.56
1 -0.016 0.96
1 0.77 -0.14
1 -0.33 0.97
-1 -0.25 -0.29
1 -0.45 0.58
1 0.64 -0.66
-1 0.3 0.044
1 -0.91 -0.12
1 -0.97 -0.084
1 -0.99 -0.49
1 -0.45 0.77
1 -0.2 0.99
1 0.55 0.59
1 0.65 0.5
-1 0.34 -0.0068
1 -0.42 0.65
1 0.83 0.31
1 -0.54 -0.6
-1 -0.032 -0.4
-1 -0.25 -0.19
-1 0.098 -0.17
1 -0.68 -0.68
-1 -0.24 -0.31
1 0.59 0.59
-1 -0.19 0.31
1 0.43 0.56
1 0.64 0.019
1 0.42 0.9
1 0.48 0.79
1 0.17 -0.47
1 -0.59 -0.56
1 0.18 -0.88
1 0.84 -0.24
1 -0.59 -0.93
-1 -0.13 0.3
1 -0.19 -0.61
1 -0.28 -0.56
1 0.76 -0.79
1 -0.98 0.18
-1 -0.19 0.3
1 0.96 0.68
1 -0.38 0.46
1 0.6 0.59
1 0.29 -0.77
1 -0.51 -0.46
1 -0.74 0.88
-1 0.29 0.31
1 0.11 -0.58
-1 0.36 -0.28
-1 -0.058 -0.38
-1 -0.31 0.24
1 0.41 -0.77
1 0.24 -0.88
1 -0.94 0.21
1 0.7 -0.16
-1 0.089 -0.11
-1 0.056 0.49
1 0.91 -0.79
-1 -0.34 -0.25
1 0.15 0.59
1 0.84 -0.67
1 -0.48 0.91
1 -0.024 0.93
-1 0.05 0.27
-1 0.22 -0.31
1 -1 0.96
1 0.47 0.97
-1 0.19 -0.43
-1 0.2 -0.21
1 0.97 0.13
1 -1 -0.95
1 0.29 0.94
1 0.74 0.92
1 -0.94 -0.33
-1 -0.0027 -0.33
-1 -0.11 0.35
-1 0.075 0.37
1 -0.69 0.39
1 -0.24 -0.86
-1 0.33 -0.077
1 -0.71 -0.98
1 -0.081 -0.86
1 -0.87 -0.96
1 -0.75 -0.19
1 0.68 -0.01
1 -0.82 -0.63
1 -0.14 0.53
1 -0.99 -0.68
