2 4 4 4 1 4 4 1 2 5 4 5 5 1 4 2 2 1 4 1 4 4 4 1 5 5 4 2 4 4 4 5 5 5 4 5 1 4 4 2 5 2 3 5 1 1 1 1 2 4 4 2 2 2 4 4 5
8 4 4 4 2 4 2 5 2 4 4 4 4 5 2 2 2 2 5 4 1 2 2 2 4 4 1 5 4 2 4 4 4 2 4 5 4 4 4 2 5 4 4 2 2 2 1 3 4 4 4 2 4 4 2 4 4
6 2 4 5 4 3 4 4 4 5 4 3 2 4 4 4 1 5 5 4 2 2 4 4 4 2 2 4 5 4 5 4 5 4 4 5 2 5 5 2 4 4 4 2 2 5 4 5 5 4 2 4 2 4 1 5 2
3 2 5 5 5 5 2 5 5 4 4 5 2 5 5 2 4 5 5 5 1 2 4 4 4 4 1 5 5 5 5 2 4 5 5 5 4 2 4 1 5 2 5 1 4 5 4 4 4 3 1 5 3 4 3 5 5
8 4 5 5 5 5 2 5 4 2 5 3 4 5 5 2 3 3 5 4 2 3 4 4 1 2 2 5 4 3 4 4 4 5 5 5 4 4 4 1 4 4 4 2 2 3 2 4 2 4 3 3 4 3 2 4 3
10 4 5 5 4 5 4 5 4 5 4 4 5 5 1 4 5 1 5 4 1 5 4 2 5 2 2 2 5 5 5 5 5 1 5 5 1 1 2 2 2 2 2 2 2 1 1 1 1 2 1 2 2 4 2 4 2
10 4 4 5 4 4 2 5 2 4 4 4 4 4 4 2 2 2 5 5 2 4 4 2 3 2 2 4 4 4 4 4 4 2 4 4 4 2 4 2 5 4 4 1 2 2 1 4 4 4 2 4 3 4 2 2 2
4 1 5 2 4 5 4 5 5 4 4 5 5 4 5 2 5 4 5 4 2 2 1 5 4 1 1 5 2 4 5 5 5 2 4 5 1 2 2 1 5 5 5 2 1 4 4 2 5 1 2 4 3 2 3 4 2
10 4 5 5 4 5 4 5 5 4 4 5 5 5 5 4 2 3 5 5 1 2 4 4 1 4 1 5 4 4 4 5 4 1 5 5 1 2 4 2 5 4 4 2 2 4 2 3 5 4 2 3 5 4 1 5 2
4 2 5 4 5 5 5 5 5 4 1 3 5 1 5 2 4 5 5 5 1 1 1 5 1 1 1 5 4 5 4 5 4 1 4 5 1 2 1 1 5 5 4 4 1 5 4 3 5 1 1 1 4 3 1 5 3
3 1 5 5 4 4 3 4 4 4 1 2 1 5 4 4 4 5 5 5 2 1 3 4 3 3 1 5 5 4 5 2 2 2 5 5 2 4 1 2 5 2 4 1 5 5 4 5 4 3 2 4 2 4 2 4 4
10 4 5 4 4 4 3 4 2 4 4 5 5 4 4 2 4 3 5 3 3 3 3 3 3 4 3 3 4 4 4 5 5 2 4 4 3 3 5 2 2 4 3 3 2 3 2 2 4 3 2 4 3 2 1 3 3
8 4 5 4 4 5 2 1 5 4 4 4 5 5 4 2 1 1 2 5 5 5 4 1 4 4 2 4 2 4 4 5 5 1 4 5 2 4 5 2 4 5 4 1 2 1 2 5 4 4 4 5 1 1 1 4 2
3 2 4 2 2 2 2 5 2 1 2 4 5 4 4 2 4 2 5 4 2 2 2 2 2 4 2 4 2 4 4 4 5 4 2 4 4 2 2 2 2 3 3 3 3 2 2 2 4 2 4 4 2 2 3 4 2
9 4 5 5 4 5 4 4 4 4 5 4 2 5 4 4 4 1 1 4 1 5 5 4 2 2 2 4 5 1 5 4 5 1 5 5 1 2 4 2 4 5 4 1 2 1 2 1 4 5 1 2 2 1 5 5 2
24 4 5 5 5 5 2 5 4 5 2 5 5 4 5 4 5 3 5 4 4 4 5 5 4 5 4 4 2 2 5 5 5 3 5 5 4 4 2 2 5 4 5 5 5 3 4 5 5 5 2 2 5 4 4 5 5
6 4 4 4 3 4 2 5 4 4 5 5 5 5 5 4 4 2 5 5 1 1 2 4 4 2 1 1 5 4 5 5 5 1 4 5 1 4 5 1 5 4 4 2 4 2 2 2 4 2 2 4 4 2 1 4 4
3 4 5 3 4 5 2 5 4 4 2 4 2 5 4 4 2 2 5 4 4 2 3 2 4 2 1 5 4 3 5 4 2 3 5 5 2 4 2 2 4 4 4 3 4 2 2 3 4 2 2 4 3 2 3 4 4
10 4 5 4 4 4 4 5 2 2 4 5 5 5 4 4 2 3 5 5 2 5 1 3 3 4 1 5 5 2 4 5 5 2 4 2 1 5 4 1 5 5 5 2 1 3 1 4 4 1 2 4 5 4 1 3 4
34 4 4 2 1 5 5 4 2 1 4 1 4 1 5 3 4 1 3 1 4 5 2 2 4 4 5 1 1 1 5 4 5 2 4 4 1 5 4 1 2 5 5 5 1 2 1 1 5 2 3 3 3 5 4 5 2
6 1 5 4 4 4 5 5 4 2 4 3 5 5 5 2 4 3 5 5 1 2 1 5 1 2 1 5 4 4 4 4 5 1 4 5 1 2 4 1 5 4 4 2 2 3 4 3 4 1 1 2 2 2 2 5 4
4 1 5 3 5 4 4 5 4 4 3 5 5 5 5 3 5 5 5 5 1 3 1 5 1 1 1 5 5 5 5 5 5 1 2 5 1 3 3 1 5 5 5 2 2 5 5 2 5 1 1 3 2 3 1 5 5
2 1 4 4 1 5 4 1 4 4 4 5 4 4 2 1 1 4 3 1 5 5 2 2 4 4 5 2 4 1 4 5 4 5 4 5 2 2 4 2 4 5 4 4 1 2 1 2 4 1 2 2 4 3 2 5 4
4 1 5 2 5 5 5 5 4 4 2 4 5 4 5 2 4 5 5 5 1 3 1 4 1 1 1 5 4 5 5 5 5 1 2 5 1 3 2 1 5 5 3 2 1 5 4 4 5 1 1 3 4 2 1 5 2
8 4 5 5 4 3 1 5 2 4 5 4 5 5 4 2 2 1 5 2 2 5 5 2 4 4 3 4 5 2 4 5 4 2 5 5 4 4 5 2 5 5 4 2 2 1 1 5 5 5 3 5 5 3 4 4 4
8 4 5 5 2 4 4 2 2 5 2 4 5 4 4 4 1 1 5 2 2 4 2 2 4 2 1 5 4 4 5 4 5 1 5 4 2 4 2 2 5 4 4 2 1 1 1 4 5 2 1 5 4 5 1 5 4
6 1 4 4 4 4 2 5 1 5 4 4 5 5 5 4 2 4 1 5 2 3 1 4 1 3 2 5 4 2 2 5 5 2 5 5 1 1 4 2 4 4 5 1 2 2 5 4 5 2 4 5 2 4 4 5 3
14 5 4 4 2 5 1 5 3 5 4 4 2 4 5 2 3 5 5 3 5 4 4 2 5 4 2 4 5 5 3 2 4 5 4 5 5 4 4 4 4 1 3 2 1 5 1 4 4 4 2 5 1 3 2 4 5
24 1 2 5 2 4 2 2 5 4 2 2 4 2 5 1 5 2 3 3 1 4 2 2 4 4 4 4 5 1 4 4 4 2 5 5 1 4 4 1 2 2 5 4 2 2 2 4 4 4 4 2 2 2 2 4 4
9 4 5 5 2 5 2 4 2 4 4 2 4 2 4 4 4 1 3 4 4 5 4 4 4 2 3 3 2 1 4 4 5 1 5 4 1 3 4 2 4 2 4 4 1 1 1 1 4 4 2 3 3 4 2 4 4
4 4 4 4 4 4 4 4 2 2 4 4 4 4 5 2 4 4 3 4 4 2 1 4 2 1 1 5 4 3 2 4 4 3 4 4 2 4 4 1 4 4 4 4 4 4 2 4 4 1 1 4 2 1 2 4 3
2 5 4 5 1 2 5 1 2 2 2 4 2 1 5 1 1 1 1 1 5 5 4 1 5 5 5 1 2 1 4 2 2 4 4 5 4 2 2 1 5 2 4 5 1 1 1 5 4 4 2 1 5 2 2 4 2
10 2 4 4 2 4 3 4 3 4 4 3 2 4 4 4 4 4 3 3 2 4 4 2 4 4 4 4 4 4 4 4 4 2 4 4 4 3 4 3 4 2 4 4 3 4 3 3 2 4 4 3 4 4 2 4 4
12 5 5 5 1 5 1 1 1 5 5 1 1 5 5 4 2 5 5 5 3 2 5 1 5 5 2 4 3 5 5 1 2 5 5 5 5 3 5 2 1 1 3 1 4 5 1 5 1 5 5 1 1 4 1 1 5
8 4 5 5 2 5 1 1 2 5 4 4 2 5 4 4 2 1 5 4 5 4 5 1 5 4 4 2 5 1 4 2 2 4 5 5 5 2 4 2 5 4 4 1 4 1 1 5 2 4 4 1 4 4 4 4 4
3 5 2 4 4 5 3 5 3 4 3 3 3 5 5 4 4 4 5 4 1 1 4 2 2 5 2 5 4 5 5 4 3 4 4 5 3 3 3 4 4 5 5 3 2 4 4 4 4 3 3 4 2 2 3 4 3
9 4 5 5 4 4 5 2 1 1 5 4 4 2 5 4 1 1 1 1 4 5 1 4 4 5 4 4 4 1 4 4 5 2 4 2 1 2 5 1 4 2 5 4 2 1 1 3 5 2 5 2 4 2 4 5 1
6 2 1 4 4 4 2 5 4 4 2 4 4 2 2 4 4 3 5 4 2 4 1 3 1 2 2 4 4 2 4 4 5 2 2 4 2 4 2 2 4 4 4 4 2 3 2 2 1 1 2 3 3 3 1 4 2
10 4 4 5 1 5 1 5 3 5 5 4 4 5 4 4 5 5 5 4 1 3 5 2 5 1 3 5 5 3 5 5 5 3 5 5 1 3 5 4 5 2 4 1 4 5 1 4 5 5 3 3 3 5 1 3 3
4 1 5 1 5 5 5 5 4 4 4 4 4 4 5 2 3 5 5 4 2 2 1 4 2 2 1 5 4 4 4 5 5 1 2 4 2 2 4 2 4 4 5 2 2 5 4 4 4 1 2 3 4 4 2 5 1
10 1 5 4 4 5 2 5 5 4 4 5 5 5 5 1 5 2 5 3 4 4 4 2 5 2 4 4 4 4 4 5 5 2 4 5 1 2 4 2 4 5 5 2 1 2 2 2 5 4 2 2 5 5 5 5 1
10 4 4 5 5 3 3 2 4 5 4 4 4 5 4 1 2 1 5 5 4 1 2 2 4 5 1 5 4 3 5 4 5 4 5 4 1 1 4 2 5 5 4 2 2 2 1 4 2 4 3 3 4 4 4 4 2
10 2 5 4 2 3 2 4 2 2 4 4 4 4 4 4 2 2 5 3 2 2 2 3 4 2 3 2 5 2 4 5 5 2 4 5 2 2 4 1 5 4 2 4 1 2 2 4 4 2 2 4 3 2 2 4 2
24 2 5 4 5 5 4 5 2 2 4 5 4 5 4 4 2 3 5 5 4 2 2 4 4 2 4 4 4 4 4 4 5 2 4 5 2 1 4 2 5 4 4 2 4 3 4 2 4 2 2 2 5 5 4 5 2
4 1 5 2 4 5 5 5 3 4 2 5 5 4 5 2 4 5 5 5 2 3 1 4 1 1 1 5 3 4 5 5 5 1 2 5 1 5 2 1 5 5 5 2 2 4 2 4 5 1 1 3 3 3 1 4 2
8 4 4 4 2 4 2 2 2 4 4 4 4 4 2 4 2 2 5 2 4 4 4 2 4 5 2 4 2 2 4 4 4 2 5 4 4 4 4 2 2 4 2 2 2 2 2 2 4 2 4 4 4 2 2 4 4
10 4 4 5 2 2 3 2 1 4 2 1 1 4 5 5 2 1 4 4 5 4 1 3 5 3 2 5 5 1 5 1 5 1 5 5 1 4 2 2 4 4 4 2 1 3 4 3 2 2 2 4 2 5 1 5 3
3 1 5 5 4 5 2 5 1 1 2 3 4 4 5 1 2 3 5 3 1 1 4 5 4 1 1 5 1 5 2 4 5 1 5 5 1 4 3 1 2 5 5 2 4 3 4 3 5 4 2 3 3 3 2 3 3
6 2 4 2 5 4 4 5 3 4 4 4 2 5 4 1 1 3 5 5 1 2 1 4 1 1 2 5 2 3 1 2 2 2 4 5 1 5 4 1 4 4 4 4 1 2 2 4 5 1 1 3 2 3 1 4 1
10 1 4 1 3 4 5 5 1 1 1 5 2 3 2 1 3 4 3 2 3 3 1 2 2 2 1 5 5 1 4 4 5 3 1 3 3 5 1 1 5 5 3 3 1 4 2 5 5 1 2 3 4 4 1 4 1
8 5 4 5 4 4 2 1 4 5 1 4 4 5 4 2 1 3 5 2 4 2 4 2 5 4 4 4 5 4 5 4 5 5 2 5 4 2 1 2 2 1 3 3 4 3 2 2 4 5 4 2 1 2 1 4 5
10 4 5 5 5 5 4 5 4 4 4 3 5 5 4 2 3 1 5 5 1 1 4 4 4 2 1 5 3 3 4 5 5 1 5 2 1 1 4 1 5 5 4 1 4 1 1 5 4 4 1 3 5 1 1 1 1
7 4 5 4 1 4 5 1 3 4 5 4 4 4 5 4 4 4 3 1 5 2 4 3 4 5 2 4 4 1 5 4 5 2 4 5 2 4 3 4 5 2 2 4 1 3 2 1 4 4 4 3 3 5 1 5 2
8 5 5 5 1 4 1 5 1 5 4 5 5 2 5 2 4 1 5 5 4 2 5 2 1 4 2 4 4 2 5 5 5 4 5 2 4 4 5 1 2 1 4 2 1 1 1 2 2 5 1 5 2 5 1 5 5
10 4 5 4 4 4 2 5 2 4 2 4 2 5 4 2 2 2 5 4 2 2 2 2 4 2 1 5 4 5 4 2 2 2 4 5 2 5 2 1 5 4 4 2 1 2 2 4 4 2 4 4 4 5 2 4 4
10 4 4 5 4 4 5 4 5 4 4 4 4 4 4 2 3 3 5 4 4 2 2 4 4 3 2 5 5 2 4 4 2 3 4 4 2 2 4 2 4 5 4 2 1 3 4 3 5 2 2 2 2 5 5 5 2
4 2 5 2 4 5 2 5 5 4 4 5 4 4 4 4 4 4 5 4 2 2 1 1 2 1 1 2 5 4 4 5 5 2 2 5 2 2 4 2 2 5 4 5 2 4 4 3 5 1 2 3 5 3 1 4 4
3 2 5 3 5 4 4 5 2 4 3 3 4 4 4 3 3 2 5 5 2 2 2 4 3 2 2 5 2 4 3 4 5 2 4 4 2 2 3 3 4 5 4 2 3 3 2 3 4 3 3 4 4 3 2 4 3
9 4 5 5 4 4 1 1 3 4 1 4 4 5 5 1 1 1 1 5 4 4 5 1 5 5 3 1 5 1 5 2 4 5 5 2 1 1 1 2 5 4 4 1 1 1 1 3 2 4 3 3 3 1 1 3 3
4 2 5 4 5 5 5 4 4 2 4 5 5 4 4 1 3 4 5 4 2 2 1 5 1 1 1 5 2 5 4 5 4 2 4 5 1 2 4 1 4 5 4 4 1 3 5 3 5 1 1 4 4 2 2 5 4
2 2 5 4 3 4 4 5 4 4 4 5 5 2 5 1 2 1 3 3 3 5 1 3 4 5 3 5 3 1 4 5 5 3 3 4 1 4 4 1 3 5 5 5 1 1 1 1 5 1 1 3 5 5 5 5 2
10 4 2 4 2 4 4 3 4 3 4 4 5 4 4 2 2 1 3 3 2 3 2 2 4 4 2 4 4 2 3 5 5 4 4 4 3 2 4 2 3 5 4 2 4 1 1 1 2 2 4 2 4 4 2 4 1
10 4 4 5 2 2 2 4 2 4 4 2 5 4 4 2 2 1 4 4 4 2 2 2 4 4 4 4 2 4 2 4 5 4 5 2 2 5 4 4 5 4 4 2 2 2 2 2 4 3 4 5 3 4 4 4 4
8 2 5 5 4 5 4 3 4 5 4 5 5 5 4 4 4 3 4 5 5 5 4 4 4 4 2 5 5 4 5 5 5 4 4 5 4 2 5 4 5 5 5 2 4 1 4 4 4 4 4 4 2 3 1 5 4
8 4 5 5 1 5 1 2 2 4 4 5 1 5 4 2 1 1 4 1 5 5 5 1 5 4 4 4 3 2 5 1 3 4 5 5 4 4 4 2 5 2 4 1 1 1 1 5 2 5 4 4 3 3 2 5 3
10 4 5 4 2 2 2 4 2 4 4 5 5 4 2 2 4 2 4 4 4 5 2 4 4 2 2 4 5 2 5 5 5 1 4 5 2 2 5 4 4 5 2 2 1 2 2 2 2 2 2 2 2 2 2 5 4
2 4 4 4 2 2 2 5 2 2 5 4 5 2 5 2 4 2 1 1 4 4 4 4 4 2 2 5 4 1 4 5 5 1 4 4 2 3 5 1 2 5 5 4 1 2 1 2 2 2 2 4 4 2 2 4 4
6 2 5 4 5 4 4 2 3 4 1 4 5 2 5 1 5 3 5 5 3 3 2 5 1 2 1 4 5 5 3 5 5 2 4 1 1 5 1 1 5 5 5 4 1 3 5 3 4 2 2 4 3 3 3 4 4
8 5 5 5 1 5 1 1 2 5 4 1 1 5 5 5 1 1 2 1 2 2 5 1 5 5 5 5 3 3 5 1 2 5 4 5 5 2 5 4 1 1 2 1 5 1 1 3 5 5 5 2 1 1 1 5 2
6 2 5 4 4 4 4 5 2 2 2 5 5 4 4 4 2 2 5 4 4 2 1 4 2 2 2 4 4 4 4 5 5 1 4 5 1 4 2 2 4 5 2 4 2 4 4 2 4 1 1 2 4 5 2 5 4
7 4 4 5 4 5 4 5 2 4 5 5 5 5 4 1 5 2 5 4 4 2 2 1 4 5 1 5 4 3 2 5 5 1 5 4 1 5 5 1 5 5 4 2 4 1 1 1 4 2 4 4 1 4 1 4 5
8 4 5 5 1 5 2 4 4 5 5 5 4 5 4 2 1 1 3 1 5 5 5 2 5 5 2 5 5 1 5 4 5 5 5 5 5 4 5 4 5 1 4 2 4 1 1 3 4 5 5 3 4 5 3 5 5
6 1 5 4 5 5 4 5 4 2 2 4 5 4 4 2 4 4 5 4 2 2 2 5 1 2 2 5 4 2 5 5 5 1 4 5 1 1 2 1 5 5 4 4 2 4 4 2 5 1 1 2 4 4 2 2 2
7 4 5 5 2 5 4 1 1 4 2 5 5 4 4 1 4 1 3 3 2 4 1 2 4 4 2 5 5 1 5 5 5 4 4 4 2 1 2 1 4 5 4 4 1 1 1 1 5 1 1 2 2 4 1 4 2
29 2 3 5 5 5 3 5 1 4 3 3 3 3 3 3 3 3 5 3 1 1 3 3 1 3 1 5 3 5 4 4 3 3 4 4 3 3 3 1 4 3 3 3 5 3 3 3 3 3 3 1 3 5 3 3 4
6 1 5 5 4 5 5 5 5 4 5 4 5 5 5 2 3 5 4 4 2 5 1 5 1 1 4 4 4 1 4 5 5 1 1 5 1 1 4 1 5 5 5 4 2 5 5 3 5 1 1 2 3 5 3 5 1
6 4 5 4 2 4 4 4 5 1 1 5 5 2 5 4 2 2 4 4 4 4 1 5 1 1 2 4 5 1 5 5 5 1 4 5 1 1 1 1 5 5 5 4 1 4 4 3 4 1 1 3 3 4 1 4 4
4 1 5 2 4 4 5 5 1 2 1 5 5 4 5 2 4 4 5 3 1 1 1 4 1 1 1 5 4 5 4 5 5 5 2 4 1 5 1 1 5 4 5 4 2 4 5 3 5 1 1 3 3 4 1 4 2
2 4 4 2 1 4 5 2 3 5 4 4 4 2 4 4 4 2 3 1 4 5 4 2 5 4 4 2 2 1 3 4 5 2 4 5 3 3 4 3 4 5 4 5 1 4 1 3 4 2 2 3 3 5 2 5 4
2 4 5 5 1 4 5 1 3 4 4 2 5 1 4 2 1 1 1 1 4 4 2 1 4 5 4 3 3 1 4 4 2 4 4 5 2 3 4 1 5 2 4 5 1 1 2 1 4 2 4 4 3 5 3 4 4
7 4 2 5 4 4 1 4 2 2 2 4 4 5 3 1 3 2 5 4 4 4 5 2 4 5 4 2 5 5 3 5 4 2 5 2 1 3 2 2 4 1 3 1 4 4 2 5 4 5 5 3 1 2 1 4 4
34 4 5 4 1 5 5 2 2 2 1 5 5 2 4 4 3 2 2 1 4 5 1 2 5 4 5 3 4 1 1 5 5 4 2 2 2 5 1 1 5 5 4 2 1 3 2 2 4 1 2 1 5 5 5 5 2
2 2 4 5 1 4 2 1 2 5 4 4 5 1 5 2 4 1 4 1 5 5 4 1 4 5 4 2 2 1 5 5 4 4 5 5 2 4 4 1 2 2 4 5 1 2 1 4 4 4 2 1 4 2 2 4 2
10 4 4 5 1 4 2 1 2 4 4 4 2 5 4 4 2 1 5 4 4 5 4 2 4 2 2 4 5 1 5 2 5 2 5 5 1 2 5 4 4 4 4 2 2 1 1 2 5 4 2 4 5 1 2 3 2
6 2 5 5 4 5 5 5 5 4 3 5 4 4 5 3 1 2 5 4 1 3 3 4 2 2 1 5 4 3 4 4 5 1 4 5 1 4 3 4 5 4 4 3 2 2 2 4 4 2 2 1 5 1 1 5 3
10 2 4 4 5 5 4 5 2 3 2 3 4 4 5 4 3 3 5 4 2 2 2 2 1 2 3 5 5 5 4 4 4 4 4 4 1 3 2 1 5 4 5 2 2 3 1 3 5 2 1 2 2 4 3 4 3
3 4 5 4 5 5 4 5 2 5 5 3 4 5 4 2 2 5 5 5 2 2 2 4 3 2 1 5 4 4 4 4 5 1 4 5 1 4 5 3 5 4 4 1 4 5 3 4 4 3 3 4 1 3 1 5 4
2 2 5 5 1 5 4 5 5 2 3 3 5 2 5 2 3 1 1 1 4 5 3 3 1 3 4 3 4 3 4 5 5 1 5 5 1 4 2 2 5 5 5 3 2 1 1 3 5 3 1 3 3 3 1 5 3
8 4 5 5 1 4 2 2 4 4 5 4 2 2 4 4 1 1 5 2 4 4 4 2 5 4 2 5 2 2 5 2 5 4 5 5 4 5 4 2 4 4 4 2 1 1 1 3 2 4 2 4 5 5 5 5 4
7 1 5 4 4 5 4 4 4 4 2 4 4 4 4 2 5 4 5 4 2 5 2 4 4 2 2 5 4 4 4 4 5 1 4 5 1 4 2 2 5 5 4 4 4 4 2 4 2 2 2 3 1 2 1 3 3
3 2 5 4 5 4 5 5 2 4 3 3 2 5 4 3 2 5 5 4 1 2 2 4 2 1 2 4 2 5 5 2 5 2 3 4 2 2 3 2 5 2 4 1 2 4 4 2 4 2 2 3 2 4 1 4 2
38 4 4 4 4 4 4 5 4 2 1 5 4 4 4 3 2 3 4 4 3 4 3 2 3 4 2 4 4 2 5 4 2 4 4 2 2 2 2 2 2 2 4 2 2 2 2 2 4 2 3 3 4 4 2 4 4
7 2 5 5 2 3 4 4 4 2 5 5 5 2 4 1 5 1 1 1 5 5 3 3 4 3 3 4 4 3 4 5 4 4 5 5 2 4 4 2 5 5 4 5 1 1 1 4 5 2 2 3 1 3 2 4 4
2 2 5 5 2 4 2 5 4 5 5 4 2 5 5 2 4 1 2 1 5 5 2 2 2 4 3 4 2 1 4 1 1 1 1 5 1 5 5 2 1 5 5 4 1 1 1 1 4 2 1 2 4 1 1 5 4
3 2 4 4 3 4 4 4 4 2 2 4 4 3 4 4 3 3 5 3 2 2 2 4 2 3 1 5 2 4 4 4 5 2 2 4 2 4 2 2 4 2 3 4 2 3 2 3 2 2 3 3 2 4 2 4 2
34 4 4 4 1 5 5 5 5 1 1 5 5 1 5 2 2 1 2 1 4 5 4 2 2 4 5 4 1 1 4 5 5 2 5 5 1 5 1 1 5 5 5 5 1 1 1 2 5 4 1 1 5 5 4 5 4
9 2 4 4 2 4 2 1 4 4 4 2 2 2 4 2 4 1 1 4 4 5 4 4 2 2 4 2 4 2 4 2 2 2 4 4 2 4 4 2 2 2 4 4 2 1 1 4 4 4 2 2 4 2 2 2 4
6 1 5 4 2 5 4 5 4 5 4 5 5 4 4 2 4 1 4 4 4 4 2 4 4 4 4 4 5 2 5 5 5 1 4 5 1 5 4 1 4 5 4 4 1 2 1 4 5 2 4 3 4 4 1 5 4
3 2 5 4 5 5 5 5 2 4 4 3 5 5 3 2 2 3 5 5 2 2 1 4 2 2 1 5 5 3 5 5 5 1 4 5 3 5 2 1 5 4 3 1 2 3 2 5 5 1 1 3 2 4 1 2 3
34 4 5 4 2 5 5 5 5 1 5 3 5 1 5 2 2 3 5 2 1 2 1 5 2 4 4 5 2 4 4 5 5 1 4 4 1 1 5 1 5 5 5 5 1 4 4 1 5 1 1 1 4 5 2 4 1
8 4 4 5 2 3 2 1 2 4 4 4 4 4 4 4 2 1 2 2 4 3 4 2 4 4 4 2 2 2 5 4 2 2 5 4 2 4 4 2 4 2 2 4 2 1 1 4 4 4 2 3 4 2 2 4 3
4 2 5 2 3 5 5 4 5 3 3 5 4 4 5 2 4 4 5 4 1 2 1 5 3 1 1 5 3 5 3 5 5 2 4 5 1 2 2 1 5 5 5 2 1 4 4 2 5 1 1 2 3 3 1 4 2
10 5 5 5 5 5 4 3 5 4 4 4 4 5 4 5 2 2 3 5 2 2 4 4 4 4 4 2 5 3 4 4 2 2 5 5 5 4 4 2 4 5 4 2 2 2 2 4 4 3 4 4 3 5 2 4 5
8 4 5 5 2 4 1 4 5 4 4 4 5 5 3 2 1 1 3 5 3 4 3 4 4 4 5 4 4 1 4 4 5 2 5 5 1 2 5 2 5 5 3 2 4 1 2 5 5 4 3 2 5 5 2 5 4
2 2 5 4 1 4 5 2 2 4 3 5 4 1 4 2 3 2 2 2 4 4 1 3 4 2 5 4 4 2 4 5 4 3 4 4 2 4 2 1 5 5 4 4 1 2 2 1 5 1 3 4 4 5 4 5 3
6 4 5 5 4 5 5 5 5 4 2 5 5 4 5 2 4 5 5 4 4 4 2 5 1 4 4 3 4 5 4 5 5 2 4 4 1 1 2 2 5 5 5 4 1 4 2 3 4 2 2 3 4 4 3 5 3
10 5 5 4 4 3 4 2 2 5 2 5 4 5 4 4 1 5 4 5 4 4 2 4 4 5 4 4 4 3 4 4 5 4 4 4 5 4 4 4 5 5 5 1 1 5 4 3 4 2 2 5 5 5 1 3 5
3 4 5 5 5 4 1 4 5 4 4 4 1 5 3 5 1 5 5 5 1 2 5 4 5 4 1 5 4 5 5 1 1 5 5 5 5 2 4 4 4 2 3 1 4 5 2 5 4 4 4 5 2 1 2 4 4
6 1 4 2 4 5 4 4 2 4 2 2 5 5 5 2 2 1 5 4 1 2 1 5 4 1 2 5 4 5 5 2 5 1 2 5 1 4 2 1 5 2 4 1 2 1 1 3 5 1 1 1 4 1 1 5 1
6 1 5 4 4 4 4 4 3 4 4 2 2 5 4 2 2 2 5 2 2 2 2 4 2 2 2 4 2 4 2 2 5 1 4 4 2 4 4 2 5 2 3 2 4 2 4 2 2 2 2 2 2 4 1 4 4
3 4 5 5 4 4 3 5 5 4 1 3 2 4 5 4 1 4 5 4 1 4 2 4 1 2 1 5 3 4 5 4 5 1 5 4 1 4 2 1 5 5 5 4 2 4 2 3 5 2 2 4 4 4 3 3 4
10 2 4 5 5 5 2 4 1 5 2 5 2 5 4 4 4 3 5 4 1 2 2 5 1 1 1 5 1 4 4 2 4 4 4 4 1 4 4 1 5 5 5 1 4 3 4 1 5 2 1 4 3 2 3 4 1
24 4 4 5 3 4 4 2 2 2 4 5 5 4 4 2 4 2 4 4 2 4 2 2 2 2 2 4 4 2 4 5 5 2 4 4 4 4 4 2 4 4 4 2 4 4 4 4 4 4 2 2 4 4 2 5 4
6 2 5 2 4 5 4 5 2 4 4 2 2 4 5 4 4 4 5 4 2 2 2 4 2 2 2 5 4 4 5 2 4 2 4 5 2 4 5 2 4 4 4 2 4 2 4 4 5 2 2 4 4 4 2 4 4
8 4 5 5 4 5 2 5 2 4 4 4 2 4 4 3 2 1 5 4 2 4 4 2 4 3 2 5 4 3 4 2 4 4 5 5 2 4 4 2 5 2 4 2 2 1 2 4 4 3 2 4 4 3 2 5 4
6 1 5 4 5 5 4 5 2 4 5 5 5 4 5 2 2 4 5 5 2 4 1 4 2 1 3 5 2 5 5 5 5 1 4 5 1 5 5 1 4 5 5 2 1 3 1 2 5 1 1 4 4 2 1 5 4
3 2 5 4 5 5 2 5 5 5 2 4 2 5 4 2 4 5 5 5 1 2 2 4 1 2 1 5 5 5 4 2 4 4 4 5 2 4 2 4 5 4 3 1 4 5 2 5 4 2 2 4 4 4 1 5 5
10 4 4 4 4 3 4 5 2 5 4 4 4 5 4 2 2 3 5 4 4 3 3 2 4 3 4 4 4 3 4 4 5 2 5 5 2 3 4 2 5 4 3 2 2 3 1 4 4 2 1 3 4 2 1 3 4
7 4 4 5 4 4 2 3 2 4 4 4 4 4 4 4 2 2 4 4 1 3 4 2 2 4 2 4 2 3 4 4 4 2 4 4 2 2 4 2 2 2 2 2 4 2 2 4 4 4 4 2 2 2 2 3 4
3 4 5 4 4 5 5 5 1 4 2 5 5 4 5 2 2 4 5 5 2 2 2 4 2 2 1 5 1 5 4 5 5 2 4 3 2 3 4 4 5 2 5 4 1 4 1 5 5 2 1 1 3 5 1 5 1
8 4 4 4 1 4 2 4 2 4 4 5 4 4 5 4 1 1 5 2 5 4 4 2 4 4 3 4 2 1 5 4 5 4 4 3 2 4 4 2 3 2 4 4 1 1 2 3 3 4 2 3 3 2 2 5 4
3 4 5 4 5 5 4 5 4 4 2 4 2 4 4 4 2 5 5 5 1 2 2 5 2 2 1 5 4 5 4 2 3 2 5 5 1 3 2 2 4 4 4 2 1 5 4 5 4 2 2 4 2 5 1 2 4
10 4 4 5 4 3 4 5 3 2 5 5 4 4 4 2 2 3 3 5 3 5 2 3 2 2 4 2 5 3 5 5 4 2 4 4 2 2 4 2 2 4 4 3 2 3 1 3 2 3 3 3 4 4 4 5 5
6 4 5 5 3 5 4 5 4 2 4 5 5 2 5 2 4 3 4 3 4 3 2 4 2 2 2 5 4 4 4 5 5 4 5 5 1 4 2 1 5 5 4 4 1 3 4 4 4 2 2 4 2 4 3 5 4
38 2 4 4 1 4 3 2 2 2 2 4 5 2 4 2 3 1 1 1 4 5 2 1 5 4 4 4 2 1 4 5 5 2 4 4 2 2 2 2 4 4 3 5 1 1 1 1 2 2 3 4 2 5 4 4 2
2 2 2 2 2 2 4 2 2 4 4 2 4 4 4 4 3 2 2 1 4 4 2 4 4 4 4 2 4 2 4 4 4 4 2 4 4 3 4 2 2 3 4 4 4 2 3 2 4 2 2 4 2 5 3 4 4
3 4 5 5 5 5 4 5 4 2 4 5 2 4 5 2 2 2 5 5 4 2 2 4 2 1 1 5 2 4 4 2 5 1 4 4 1 2 4 1 5 5 5 2 4 2 2 2 4 1 1 4 4 2 4 5 2
3 4 5 4 5 5 4 5 2 4 4 4 4 5 4 4 5 4 5 5 1 2 4 5 2 2 1 5 5 4 5 4 2 5 5 5 1 4 5 4 5 4 4 2 4 5 4 4 2 2 2 4 2 2 1 5 4
3 2 5 4 4 4 4 5 4 4 4 4 4 4 5 3 3 4 5 4 2 2 2 4 1 2 1 5 4 4 4 4 4 2 4 4 1 2 4 4 4 5 5 3 2 4 4 3 4 2 2 2 4 2 2 4 2
4 1 5 1 5 4 5 5 5 4 4 5 5 4 5 2 4 5 5 5 1 1 1 5 1 1 1 5 5 5 5 5 5 1 1 4 1 5 4 1 5 5 5 2 1 5 4 5 5 1 1 1 2 4 1 5 2
7 4 5 4 4 5 4 5 5 2 4 4 5 4 4 4 4 2 4 1 5 5 2 1 5 5 2 4 2 1 5 4 4 2 4 5 4 2 4 1 4 5 2 4 2 2 1 4 4 2 4 4 4 5 4 4 5
34 4 4 2 1 2 5 1 1 1 2 4 4 1 4 2 4 1 1 1 5 5 2 1 4 5 4 2 4 1 4 4 5 2 2 4 2 4 2 1 4 5 5 5 1 1 1 2 2 2 5 2 4 5 4 5 4
34 2 5 4 1 5 5 1 4 2 3 4 4 1 4 3 1 2 2 1 4 5 3 1 4 4 5 2 3 1 5 5 5 2 4 5 1 4 4 2 5 4 4 4 1 1 1 3 4 2 4 4 3 5 3 4 2
7 4 5 5 5 5 4 5 5 4 2 4 5 5 5 1 4 3 5 5 3 1 2 5 2 1 1 5 5 3 4 5 5 1 5 4 1 4 2 1 5 5 5 1 4 3 5 3 5 1 1 3 4 2 1 5 2
3 2 5 5 5 5 4 5 2 5 4 4 4 5 4 4 4 5 5 5 1 1 2 4 1 2 1 5 4 5 4 4 4 1 4 5 2 4 4 2 5 4 4 1 2 5 4 4 5 2 2 4 3 2 1 4 4
9 4 4 5 4 3 2 2 1 4 4 4 3 1 4 4 5 1 1 2 4 5 4 2 4 4 4 4 4 3 3 4 3 4 5 5 5 3 4 2 3 3 4 5 2 1 1 4 3 4 4 3 3 2 2 5 3
8 2 5 5 4 5 1 5 2 4 2 5 5 5 5 4 1 1 5 4 2 4 4 2 5 2 1 5 5 4 5 5 5 2 5 5 4 5 2 1 5 4 4 2 2 1 1 5 5 4 2 5 5 4 2 4 5
9 4 5 5 4 5 2 5 2 4 4 3 3 4 4 4 4 1 5 5 2 5 4 2 4 4 1 5 3 5 5 3 4 3 4 4 4 3 4 2 5 4 4 2 4 1 2 3 2 4 3 4 3 2 3 3 2
6 1 5 4 5 5 4 5 3 3 2 4 5 4 4 4 4 3 5 5 2 2 1 4 1 2 2 5 5 5 5 4 5 1 5 5 1 2 1 2 4 4 2 4 1 3 4 3 5 1 2 4 3 4 1 5 3
9 2 5 4 1 3 2 1 2 4 4 4 2 5 1 4 2 4 1 2 4 4 4 3 2 4 3 4 4 1 4 2 4 4 4 5 4 5 4 4 2 1 1 1 4 4 1 5 2 4 5 2 2 5 1 4 1
8 5 4 5 1 4 4 3 2 1 5 4 2 4 2 1 2 1 2 2 4 4 4 1 4 4 1 5 5 3 4 2 4 2 5 5 1 4 5 1 5 2 2 2 1 1 1 5 4 5 4 5 3 4 3 5 2
24 2 4 4 2 5 3 4 4 4 4 4 4 4 5 2 4 2 4 2 4 4 3 2 2 1 4 4 2 2 4 4 5 4 2 4 3 2 4 1 4 4 5 4 2 1 2 2 5 4 2 4 5 5 3 4 4
24 1 4 5 2 4 4 4 2 4 4 4 4 4 5 2 5 2 2 2 4 4 2 2 2 2 4 4 4 2 4 5 5 4 4 4 2 2 4 1 4 4 5 4 2 2 2 2 5 2 1 4 4 5 4 4 4
24 4 5 5 2 5 4 5 4 4 4 5 5 4 5 2 4 3 5 4 5 5 3 4 4 4 2 4 5 3 5 5 5 2 4 5 1 2 4 1 5 5 5 4 2 3 4 4 4 2 1 2 5 5 3 5 4
2 4 5 2 2 4 4 4 4 4 4 4 4 2 4 4 2 1 3 2 4 5 2 2 3 5 2 4 2 2 4 4 4 1 2 4 2 2 2 2 4 4 4 2 2 1 2 3 4 2 2 2 3 4 3 4 3
3 4 5 4 5 5 4 5 3 4 4 2 3 5 3 3 3 5 5 5 1 1 1 4 4 2 1 5 4 4 3 4 4 1 4 4 1 4 4 2 4 4 3 2 2 4 3 2 4 1 1 3 3 4 1 5 3
8 5 5 4 5 5 5 5 4 5 5 4 4 2 5 5 3 3 5 4 2 2 5 5 2 4 1 4 5 3 4 4 5 4 4 4 2 1 4 3 4 4 4 4 2 2 4 2 2 4 4 4 4 4 4 5 2
6 2 5 4 4 5 4 4 4 4 4 5 4 4 4 2 2 4 5 2 4 4 1 4 4 4 2 4 5 1 5 4 5 1 5 2 2 4 4 1 5 5 5 4 2 4 4 3 5 1 1 3 5 2 2 5 1
10 4 5 3 5 3 3 5 5 5 2 4 5 5 5 2 4 4 5 4 2 4 4 1 3 4 4 4 5 2 5 5 5 1 4 5 1 4 2 2 4 3 4 1 1 5 2 4 4 2 5 4 3 3 1 5 5
6 4 5 5 4 5 5 5 4 4 4 4 5 4 4 2 4 3 5 4 2 2 2 4 2 2 4 4 4 2 4 5 4 2 4 4 1 4 4 2 2 4 4 2 1 2 1 4 5 2 2 3 4 4 1 5 4
3 2 4 2 4 5 2 4 4 4 2 2 4 5 4 2 4 2 4 4 2 2 2 2 2 2 2 4 4 2 3 4 4 2 2 4 2 2 2 2 4 4 4 2 4 4 4 2 2 2 2 4 2 4 2 4 2
2 5 5 5 2 5 5 2 1 4 3 5 5 2 5 4 3 3 5 2 5 4 4 5 5 4 4 4 5 4 5 5 5 2 5 5 2 2 4 1 4 5 5 4 1 3 4 2 2 2 4 4 4 5 3 5 5
9 4 4 5 2 4 4 1 1 4 5 3 4 4 3 4 5 1 1 3 5 5 3 1 4 5 3 3 5 1 4 4 5 4 4 4 5 1 4 4 3 4 2 2 4 1 1 4 2 4 3 2 4 4 3 4 4
4 1 5 2 5 4 5 5 5 2 2 2 4 5 5 2 4 5 5 4 1 1 1 5 2 2 1 5 4 5 4 5 4 1 4 5 1 4 2 2 5 4 4 2 2 5 4 3 4 1 2 4 2 2 1 4 4
2 5 4 4 1 5 2 5 4 2 4 5 5 1 2 1 4 1 4 1 4 5 4 2 4 5 5 2 5 1 2 5 5 1 5 5 1 2 4 2 5 4 5 5 1 1 2 1 5 4 1 2 5 5 2 4 4
8 4 5 5 2 5 2 4 2 5 4 4 2 4 4 2 1 1 5 2 2 3 4 2 4 2 4 2 2 2 5 2 2 4 5 3 4 4 5 3 4 4 4 3 4 1 1 3 5 5 1 1 4 2 1 2 3
2 4 5 5 1 5 1 4 4 1 1 5 5 2 5 1 1 1 5 1 1 5 1 1 5 5 1 5 5 1 5 5 5 1 5 1 1 5 2 1 4 5 5 5 1 1 1 1 5 2 1 1 5 1 5 5 2
8 4 5 5 4 5 3 5 3 5 4 4 4 5 4 4 2 1 5 5 2 2 4 2 4 4 4 4 5 4 5 4 4 2 5 5 4 4 4 1 4 2 2 2 2 1 1 4 2 5 4 3 2 2 2 4 4
9 4 4 4 4 4 2 4 2 4 2 2 4 4 4 4 2 1 2 4 2 5 2 4 4 2 4 4 2 2 2 4 4 2 4 4 2 2 2 1 4 4 4 4 2 1 1 2 2 2 2 4 4 2 1 2 4
9 4 4 5 4 3 4 4 2 4 2 2 2 4 4 2 1 1 3 4 2 4 4 4 4 4 4 4 2 3 4 2 2 4 4 2 4 4 3 1 5 2 3 2 2 1 1 4 4 4 2 4 5 2 2 2 4
2 4 4 5 1 2 3 4 5 4 2 3 5 4 2 4 1 2 2 1 4 4 3 2 5 4 4 4 5 3 5 5 2 2 5 5 3 4 2 1 4 2 2 4 1 2 1 4 4 4 4 3 4 2 4 4 2
2 2 4 4 1 4 2 2 1 4 5 5 4 4 4 4 1 2 2 1 5 4 4 2 5 4 5 1 2 2 4 4 4 2 4 5 2 4 5 2 5 4 2 4 1 1 2 4 2 2 2 4 2 2 2 5 4
8 4 5 5 4 4 2 4 2 3 2 4 3 5 2 3 4 1 5 4 2 1 4 1 5 4 1 5 2 5 5 3 5 4 5 5 4 4 2 1 4 1 2 1 4 1 1 5 4 4 5 5 1 5 1 5 4
8 5 5 5 1 5 1 5 1 5 5 3 1 5 5 5 1 1 5 1 5 4 5 1 5 5 5 4 1 5 5 1 1 1 5 5 5 1 5 1 1 1 3 1 5 1 1 1 1 5 5 5 5 2 5 5 5
34 4 5 4 1 5 1 1 1 2 3 5 5 1 4 1 3 1 3 2 2 1 2 1 4 3 4 4 1 4 3 5 4 3 4 4 1 2 3 1 5 5 4 5 1 1 1 3 4 2 2 3 4 2 5 3 4
8 4 5 5 2 4 1 2 2 5 4 2 4 4 4 4 2 1 3 4 4 5 5 2 4 4 4 4 4 2 5 4 5 2 5 5 4 4 4 2 2 1 4 2 2 1 1 4 5 5 4 4 4 4 2 5 4
4 1 5 2 5 5 5 5 2 2 2 4 4 2 5 2 5 5 5 5 2 5 2 5 2 1 1 5 4 5 2 5 5 1 2 5 1 2 2 1 5 5 5 4 2 5 5 1 5 1 1 4 4 4 1 2 4
2 1 2 5 1 2 4 1 5 2 5 5 5 4 5 1 5 5 2 1 5 5 4 2 4 2 5 1 1 1 2 5 5 5 5 5 1 4 4 1 5 5 5 4 1 4 5 4 5 2 1 1 2 5 5 5 1
6 4 5 5 5 5 5 5 4 5 2 5 5 5 4 1 1 5 5 5 4 5 2 5 4 1 5 4 5 1 5 5 5 2 4 5 2 4 2 2 5 5 5 1 5 5 4 5 5 1 2 4 5 5 1 5 4
2 4 5 5 1 2 4 2 2 4 4 4 5 2 2 1 1 1 4 1 4 5 4 2 2 4 1 5 4 4 4 5 5 2 4 2 2 2 4 1 5 2 2 4 1 1 2 1 5 4 4 4 5 5 4 5 5
7 5 5 5 5 5 1 1 5 1 1 5 5 5 5 1 1 1 1 5 1 3 5 1 5 1 5 5 5 1 5 5 5 1 5 5 1 1 1 1 5 5 5 1 1 1 1 3 5 1 5 5 5 1 1 5 5
9 4 4 4 4 3 2 1 2 4 2 3 5 2 5 2 3 2 3 3 4 4 3 2 4 4 2 3 4 3 4 5 5 2 4 2 2 4 2 1 2 2 4 4 1 2 2 3 4 4 4 2 3 3 3 4 2
8 5 4 5 2 4 2 2 2 5 4 1 2 5 2 4 2 2 4 2 4 4 5 2 4 5 4 4 1 2 4 2 2 4 4 5 4 2 4 2 2 1 4 1 5 2 1 4 2 4 4 3 2 2 2 4 4
24 1 5 5 1 4 4 4 5 2 4 5 5 4 5 1 1 1 5 1 4 4 4 2 4 5 4 4 5 4 2 5 5 2 5 5 2 4 4 1 5 5 4 5 1 1 3 5 5 4 4 1 5 5 4 5 4
2 1 5 3 1 5 3 4 2 4 4 4 5 4 4 2 4 1 4 2 5 4 2 4 5 4 4 4 5 2 3 5 5 5 3 5 2 4 4 1 4 5 3 3 4 3 3 2 4 2 2 4 2 2 5 4 3
2 2 5 5 2 5 4 2 2 5 2 2 4 4 4 2 2 2 4 2 5 4 2 2 5 2 4 4 5 1 2 4 5 2 5 5 4 1 4 1 2 2 4 2 2 2 2 2 4 2 2 4 2 2 2 4 2
3 2 5 4 5 5 4 4 2 4 5 3 1 4 4 3 5 4 4 5 3 3 2 5 2 1 1 5 3 3 4 2 2 1 4 3 1 2 5 2 4 5 4 3 2 5 4 5 4 1 1 5 2 5 1 5 3
4 1 5 2 5 4 4 5 5 2 4 3 5 2 4 1 3 4 5 5 1 1 1 5 1 1 1 5 3 5 2 5 5 1 2 5 1 3 2 1 5 5 5 2 1 5 5 3 5 1 1 3 3 1 2 4 4
14 2 5 4 3 5 3 5 3 4 2 3 4 4 5 3 4 5 5 4 1 1 2 4 2 1 1 5 4 5 4 4 5 1 4 5 3 4 2 1 5 2 4 2 1 5 2 4 4 2 2 4 1 5 1 3 3
4 1 5 4 5 4 5 5 4 4 2 4 4 5 5 2 2 5 5 5 2 1 1 5 1 1 1 5 4 5 2 5 5 1 4 4 1 2 1 1 5 4 5 1 2 5 5 2 5 1 1 2 2 2 1 5 2
8 5 4 5 4 2 2 4 1 4 2 4 2 4 4 2 2 1 5 2 4 4 2 2 4 4 4 4 4 4 2 2 4 4 4 4 4 2 2 2 5 1 2 4 1 1 1 4 2 1 4 4 5 5 1 5 4
4 1 5 1 4 5 4 5 4 2 2 4 5 2 5 2 4 5 5 4 1 1 1 5 1 1 2 5 4 5 4 5 4 2 2 4 1 4 2 1 4 4 4 2 1 5 5 2 5 1 1 3 2 1 2 4 4
3 4 5 4 2 5 2 4 5 4 4 5 5 5 4 2 1 2 5 4 1 4 4 2 2 2 2 5 4 1 4 5 5 2 4 5 2 2 4 2 5 5 4 2 4 2 2 4 4 2 2 1 5 3 2 5 2
8 4 4 5 1 5 1 3 1 5 4 4 2 5 2 3 2 1 4 1 2 4 4 1 4 4 2 4 4 2 5 2 2 4 5 5 5 3 5 1 4 1 2 2 1 1 1 5 4 4 3 3 2 4 2 2 3
2 3 5 5 1 5 4 4 5 3 1 5 4 2 4 2 4 4 3 1 4 5 2 4 4 4 2 4 4 3 5 4 5 1 5 5 1 5 1 1 5 4 4 5 1 4 1 5 5 1 1 4 5 2 1 5 2
8 4 4 5 2 4 2 4 2 5 4 4 4 4 2 2 1 1 5 4 4 5 4 2 4 4 2 4 4 2 5 4 4 4 5 5 4 4 4 2 2 2 2 2 2 1 1 5 2 4 4 4 2 2 2 4 2
10 2 4 2 5 5 2 5 4 4 1 4 4 4 5 2 1 4 5 5 2 2 2 5 1 1 1 5 5 4 5 4 5 4 4 5 2 2 2 2 4 5 4 1 2 4 4 2 5 1 1 2 4 4 1 4 1
2 4 5 4 1 4 3 2 2 2 2 2 4 2 4 2 2 1 5 1 3 3 2 1 3 4 2 5 4 1 4 4 3 4 4 5 3 5 4 1 5 5 4 3 1 1 1 3 4 2 2 3 4 3 3 4 2
8 4 4 5 2 4 2 4 2 4 3 3 2 5 4 3 2 1 5 4 2 3 4 2 3 4 2 5 4 3 4 2 2 4 5 5 4 2 3 3 4 2 4 2 4 1 1 4 2 4 4 4 5 2 2 4 4
9 4 5 4 1 5 4 4 4 4 4 5 5 1 5 1 5 2 4 2 4 5 2 5 4 2 5 4 2 2 4 5 5 4 4 2 2 2 5 1 5 4 5 4 1 2 4 2 2 2 2 2 4 2 5 5 1
8 4 4 5 2 5 2 4 4 4 2 4 4 5 4 4 3 1 4 2 4 4 4 2 4 4 2 4 2 2 4 4 4 2 5 5 2 4 2 2 4 2 4 2 4 1 1 4 2 4 3 2 4 2 2 4 2
3 5 5 5 5 5 4 5 2 5 5 4 2 5 4 4 5 5 5 5 1 1 2 5 4 4 1 5 4 4 5 4 5 1 5 4 1 4 4 1 5 4 4 1 4 5 4 4 4 2 2 5 2 4 1 5 2
8 5 5 5 2 4 2 3 2 4 2 4 2 4 2 4 1 2 2 4 4 5 4 2 5 4 5 4 4 2 5 2 5 4 5 5 4 4 2 1 4 4 2 2 2 1 1 5 2 5 4 5 4 2 3 4 4
6 1 4 4 5 4 4 4 4 4 4 3 3 4 4 3 4 5 5 5 1 2 1 5 2 2 1 5 5 3 4 3 3 3 4 5 2 3 4 4 4 4 4 4 2 5 5 4 5 1 1 4 2 5 1 5 5
2 4 2 5 1 1 5 1 1 4 5 5 2 1 5 2 1 2 5 1 4 2 5 1 4 5 4 4 5 5 5 2 5 5 5 5 5 4 5 1 4 2 4 5 5 2 1 4 5 4 2 1 5 2 5 4 2
3 2 4 2 4 4 2 5 2 2 2 2 4 4 4 2 3 4 5 4 2 1 2 4 2 1 1 5 5 3 4 4 4 2 2 5 1 2 2 2 5 4 4 2 2 4 2 4 4 2 2 4 2 2 1 5 2
8 4 5 5 4 5 2 5 2 4 4 2 4 4 2 4 1 1 5 2 4 2 5 1 5 4 4 4 5 4 5 4 4 2 5 5 5 2 4 1 5 4 2 2 2 1 1 4 2 5 4 2 2 1 2 4 4
8 4 5 5 2 5 4 2 3 4 4 4 2 4 4 4 1 1 5 1 4 4 4 2 5 5 2 5 2 3 5 2 2 2 5 5 2 3 4 2 5 4 2 2 1 1 1 2 4 5 3 4 3 2 3 4 4
3 4 5 4 4 4 4 5 2 4 2 4 4 4 4 4 2 5 5 4 2 2 2 4 2 4 2 5 4 4 4 4 3 2 4 4 2 4 2 2 5 4 4 2 4 5 2 5 2 2 4 3 1 4 2 4 4
4 1 5 4 5 5 2 5 2 2 1 5 5 4 5 4 4 4 5 5 1 1 1 4 1 1 1 5 4 5 4 5 5 1 4 4 1 4 1 1 4 5 5 4 1 4 4 3 5 1 1 3 2 1 1 5 4
7 5 4 4 4 4 4 3 2 4 2 3 5 4 4 2 3 3 4 2 3 5 2 3 3 4 3 4 4 3 4 5 5 3 4 5 1 2 2 2 5 5 3 4 3 3 2 1 3 2 3 3 3 1 1 3 3
6 4 5 4 4 4 4 4 4 4 2 5 4 4 5 2 3 3 4 4 2 3 2 4 4 4 3 4 5 3 2 5 5 2 5 5 1 5 2 1 5 5 5 4 2 3 3 3 5 2 1 4 3 3 2 4 2
6 4 5 4 5 5 5 5 3 4 4 4 4 4 5 4 2 4 5 5 2 1 1 4 2 2 2 4 4 4 4 5 5 1 4 5 1 5 4 2 5 4 4 2 2 4 4 2 4 1 1 4 4 2 1 5 3
3 2 5 4 4 5 2 4 3 4 1 4 4 4 5 1 2 3 4 5 2 2 3 5 1 2 1 5 4 5 4 5 5 2 4 2 1 3 1 2 4 5 5 2 1 4 5 2 2 2 1 2 4 3 4 5 4
6 2 4 3 4 3 4 4 3 4 4 5 5 4 2 1 1 3 4 5 4 4 2 4 2 2 4 4 5 1 2 4 2 1 3 5 1 2 5 2 4 4 2 2 1 3 2 5 5 1 1 1 4 2 1 5 2
2 4 5 5 2 4 4 5 4 4 4 5 5 4 5 4 4 2 4 1 5 5 4 2 5 2 5 1 5 1 5 5 5 4 4 4 1 4 4 4 4 5 4 4 1 2 1 1 5 4 3 4 4 5 5 5 5
2 2 2 4 1 2 4 1 4 4 4 5 5 2 4 1 2 1 1 1 5 5 1 2 4 4 5 2 2 1 4 5 5 4 4 5 4 1 4 2 1 5 5 5 1 1 2 1 5 2 2 4 4 2 2 5 4
10 5 5 4 4 4 4 5 2 2 2 5 5 5 4 4 1 5 5 4 1 2 2 4 2 2 2 4 5 1 5 5 5 1 4 4 1 5 5 1 1 5 5 1 1 5 5 3 4 1 2 2 2 5 1 4 5
8 4 5 5 4 5 2 5 2 4 4 4 4 5 4 4 2 4 5 5 2 2 4 2 4 4 2 5 4 5 5 4 4 4 5 5 4 2 4 2 5 2 2 2 2 4 2 4 2 4 2 4 2 4 2 4 2
9 4 5 5 2 4 2 2 3 4 3 5 5 5 5 2 2 2 2 2 5 5 4 4 4 2 4 4 4 2 4 4 3 2 4 5 3 2 2 2 3 3 4 4 2 3 4 4 4 4 2 3 4 2 2 4 4
3 4 5 5 5 5 2 5 3 4 2 3 2 4 5 3 3 3 5 5 1 3 3 5 2 3 1 5 4 5 5 2 4 1 5 5 2 3 2 2 5 4 5 1 4 4 4 1 5 2 1 5 3 3 1 3 3
2 2 5 4 1 4 4 4 4 2 4 4 4 2 4 2 2 4 3 1 4 3 2 4 4 4 4 2 4 2 4 4 5 2 4 4 1 2 4 2 4 4 4 4 1 4 4 3 4 2 2 3 4 4 4 4 2
2 4 5 4 1 4 4 1 4 2 2 4 5 2 5 2 1 2 4 1 5 5 1 2 4 2 4 1 4 1 5 5 5 4 4 5 1 2 1 1 4 5 4 4 1 1 1 4 4 1 2 4 5 4 4 5 2
10 2 5 5 5 5 4 5 5 1 5 5 5 4 5 2 1 2 5 4 1 1 2 4 2 2 2 4 5 5 4 5 5 4 5 4 5 1 2 1 5 4 5 4 5 2 2 2 2 5 4 5 5 5 2 5 1
4 1 5 2 4 5 5 5 3 4 2 4 4 5 5 2 4 5 5 5 2 1 1 5 1 1 1 5 3 4 4 5 5 1 4 4 1 5 2 2 5 5 5 2 3 5 4 1 5 1 1 4 3 3 2 4 4
3 2 5 4 4 5 2 5 2 4 4 4 4 4 5 4 2 4 5 4 2 2 2 4 2 4 2 4 4 4 4 4 5 2 4 4 2 2 4 2 5 4 4 2 2 4 2 4 5 2 2 4 2 2 2 4 2
10 4 5 5 5 5 2 5 4 2 2 5 5 5 4 1 4 5 5 5 2 2 2 2 2 2 2 5 2 4 4 5 5 1 4 2 1 2 2 1 5 5 5 1 4 5 2 2 2 2 2 2 2 2 2 5 2
24 4 4 4 2 4 2 5 4 4 4 5 4 2 5 2 2 1 5 2 2 4 4 2 4 4 2 4 4 4 4 4 4 2 4 4 2 2 4 2 5 4 4 2 2 1 1 2 4 4 2 3 4 4 4 5 2
38 5 5 5 4 4 1 5 4 4 4 5 5 5 4 1 1 1 5 3 1 4 4 1 5 5 4 2 1 5 5 5 5 5 5 5 4 4 4 1 5 4 2 2 2 1 1 1 5 4 1 4 5 5 4 5 4
3 4 4 2 2 4 5 5 2 5 5 2 1 2 2 2 4 2 5 2 2 4 2 4 4 4 1 5 2 1 4 1 1 2 2 5 2 2 5 4 2 4 2 5 4 1 2 4 2 2 4 2 4 1 2 2 4
2 2 5 5 2 4 2 2 2 4 5 4 5 2 4 2 2 5 4 1 4 5 5 2 4 4 5 2 5 1 4 5 5 1 5 5 1 2 5 2 5 4 4 4 1 5 1 2 4 5 5 5 4 2 2 5 2
24 4 4 2 2 4 5 4 4 2 2 5 4 2 4 2 4 2 3 3 4 3 2 3 4 4 4 3 4 4 4 5 5 4 4 4 2 2 2 2 4 4 4 4 1 1 1 4 5 1 2 1 2 1 2 4 4
8 4 5 5 4 4 2 5 2 4 4 5 4 5 4 2 1 1 5 4 4 4 4 2 4 4 2 4 5 4 5 4 2 4 5 5 4 2 4 2 4 4 3 2 2 1 1 5 4 4 2 3 2 4 1 4 4
24 2 4 5 2 3 1 4 2 5 1 2 3 4 4 2 1 1 5 4 3 1 5 1 5 4 3 2 5 5 5 3 2 5 5 5 5 2 1 2 5 2 3 2 4 1 1 4 5 5 4 3 4 5 3 4 2
9 4 4 5 1 4 2 2 2 4 2 4 4 4 2 2 2 1 3 4 4 4 2 2 4 4 4 2 1 2 4 4 4 5 4 5 4 2 2 2 5 2 4 2 1 1 1 2 4 2 4 5 4 5 3 4 2
4 1 5 1 5 5 5 5 4 2 4 5 5 5 5 4 4 5 5 5 1 1 1 5 1 1 2 5 5 5 1 5 5 1 1 2 1 5 1 1 5 5 5 2 1 5 4 1 5 1 1 4 3 4 1 5 1
8 4 5 5 1 5 2 2 4 4 3 4 4 3 4 3 1 1 4 2 4 4 4 1 4 4 3 2 4 4 5 4 4 5 5 4 4 2 3 1 2 1 3 4 1 1 1 4 3 4 3 4 4 4 1 2 4
3 4 5 4 5 5 5 5 5 4 4 3 2 4 5 4 4 5 5 4 1 1 1 4 1 4 1 5 5 3 5 2 4 1 4 5 1 2 4 1 5 4 5 3 2 5 4 4 5 1 1 5 1 4 1 5 3
3 5 4 5 4 4 3 5 2 5 2 5 3 2 4 4 5 1 3 4 4 4 2 3 4 4 3 4 3 4 3 3 4 2 5 5 2 2 2 3 4 5 4 4 2 1 1 2 2 2 1 4 1 2 1 2 5
3 2 5 4 5 5 4 5 5 4 2 3 4 5 5 3 2 4 5 5 2 1 2 4 3 2 1 5 4 4 4 4 5 2 4 5 2 4 3 3 4 4 5 1 3 4 4 4 4 2 1 4 2 4 1 4 3
2 4 5 4 1 4 4 4 4 5 4 3 4 4 4 4 3 2 3 1 5 5 4 1 5 4 2 4 3 1 4 4 5 2 5 4 3 3 4 4 2 2 4 3 1 1 1 3 2 3 5 4 4 2 1 5 3
10 4 4 5 2 4 1 5 4 2 2 2 2 5 2 2 2 4 5 2 4 2 5 1 5 5 4 4 1 4 5 2 2 4 5 5 5 1 4 1 2 2 2 2 2 4 1 5 2 5 4 2 5 5 2 4 4
2 4 5 4 1 4 4 4 5 4 4 4 4 2 4 4 2 2 3 1 4 5 4 4 2 4 4 2 4 1 2 2 5 2 4 5 2 2 2 2 2 4 4 4 1 2 1 4 4 1 2 4 5 5 2 5 2
34 2 4 4 2 4 2 1 1 5 5 2 5 1 4 2 4 2 1 1 5 5 5 1 4 5 5 4 4 2 4 5 5 5 4 5 4 4 5 4 4 5 4 5 1 2 1 5 5 5 2 4 2 5 5 5 4
2 2 5 3 1 4 4 4 4 3 4 5 5 2 4 1 3 3 3 1 3 4 3 3 2 3 4 2 3 2 3 5 5 2 3 4 2 3 3 1 5 5 4 4 1 3 3 3 4 2 1 2 3 3 3 4 2
9 4 4 2 2 4 2 5 2 5 2 5 5 1 5 2 5 1 1 2 2 5 1 3 1 1 3 5 2 1 3 5 4 3 2 1 1 2 2 1 4 1 5 5 1 1 1 1 5 1 2 3 4 4 3 5 1
6 4 5 4 4 5 5 5 2 2 4 4 5 2 5 1 5 5 5 2 1 4 1 4 1 1 1 5 4 1 5 5 5 1 4 5 1 5 4 1 2 4 5 5 1 5 5 1 4 1 1 2 2 5 1 5 4
24 4 2 5 2 3 3 2 2 2 4 4 4 2 4 2 2 2 2 2 4 4 4 2 4 2 2 4 5 2 4 4 5 2 5 4 2 4 4 2 4 4 4 4 2 2 2 2 5 4 2 3 4 4 2 5 4
8 4 5 5 2 5 2 4 2 4 4 4 2 4 2 4 2 1 4 4 4 4 4 2 4 4 2 4 2 3 4 2 5 4 5 4 2 4 2 2 5 2 2 2 4 1 1 4 2 4 4 3 4 3 3 4 3
6 2 4 4 4 5 4 5 4 4 1 4 5 4 4 2 2 2 5 4 1 3 2 5 4 1 2 5 4 3 2 5 4 1 4 5 1 4 1 1 2 5 4 2 2 2 4 4 4 2 1 3 2 5 1 5 2
2 2 4 4 1 3 4 2 4 2 3 5 4 2 5 2 3 1 4 1 4 4 4 2 4 4 4 2 3 1 4 4 5 3 4 5 1 3 4 2 3 4 3 4 1 1 1 1 2 4 2 3 4 3 4 4 2
3 4 5 4 5 5 4 5 4 4 3 4 5 5 5 2 3 4 5 5 3 1 2 4 1 2 1 5 3 4 4 5 5 2 4 4 2 3 2 2 4 5 5 2 4 4 4 2 2 2 1 3 3 3 3 4 3
3 4 4 5 5 4 3 4 2 5 2 3 4 5 4 2 4 4 5 4 2 2 2 5 2 3 2 5 4 5 4 4 4 4 4 4 4 4 2 2 4 5 5 2 4 4 4 5 4 4 2 3 3 4 3 4 3
8 4 5 5 2 4 2 2 3 4 3 3 1 4 3 4 1 1 4 2 3 4 5 1 5 4 4 3 4 3 5 1 4 4 5 5 4 3 3 4 4 2 3 1 2 1 1 4 2 5 5 3 4 3 4 4 4
8 4 5 4 2 4 2 4 2 4 2 2 2 4 4 4 2 2 5 4 2 2 4 2 4 4 1 5 4 4 4 2 2 4 4 5 4 4 2 4 4 2 4 2 2 2 2 4 2 4 4 4 4 5 2 4 4
9 4 4 4 4 4 2 2 4 4 4 5 5 5 4 4 4 2 2 4 4 5 4 4 2 4 2 4 3 2 4 5 5 2 4 4 4 2 2 2 4 4 4 2 4 2 2 2 4 4 2 5 2 4 2 5 2
9 4 5 5 4 5 2 4 5 5 2 4 2 4 4 2 2 1 4 4 2 5 4 2 2 5 2 5 5 2 5 4 5 4 4 5 2 2 2 1 5 5 4 2 2 1 2 4 2 2 2 4 5 2 4 5 5
3 2 5 4 5 5 4 5 2 5 4 1 1 5 4 2 5 5 5 5 1 1 2 4 1 2 1 5 5 5 5 1 4 1 4 5 1 2 4 2 5 4 4 1 4 5 2 4 4 2 2 5 2 4 1 5 4
2 2 5 5 1 5 5 1 5 5 5 5 5 1 5 1 5 1 5 1 5 5 1 1 5 5 1 5 5 1 5 5 5 1 5 5 1 5 5 1 3 5 5 4 1 1 1 1 5 1 1 1 5 1 2 5 1
10 5 5 4 5 4 2 5 5 4 1 4 5 4 4 2 3 2 5 5 2 4 2 4 4 2 4 4 5 3 4 5 5 2 4 5 2 4 2 1 5 5 4 2 2 2 1 4 2 2 2 4 4 5 2 5 4
6 2 4 2 1 3 5 2 5 1 1 3 3 3 5 4 4 3 3 1 5 3 1 2 2 5 1 5 5 1 5 3 5 1 1 5 2 5 1 1 3 2 5 3 1 3 2 4 3 1 4 3 3 3 1 5 3
6 4 5 2 4 5 2 5 2 2 2 5 5 4 1 4 1 2 4 2 4 5 2 1 2 2 4 2 3 4 4 5 5 4 4 4 1 1 1 1 4 2 4 1 2 4 2 4 4 2 4 3 2 5 1 5 1
6 2 4 2 4 5 4 5 5 4 2 5 4 4 5 4 4 5 5 5 4 4 1 5 2 1 1 5 5 3 4 5 5 1 2 5 1 5 2 2 2 5 5 4 1 5 2 3 5 1 2 2 2 3 3 4 2
6 4 4 4 2 3 3 5 2 2 2 5 4 3 5 3 3 2 5 4 2 2 1 4 4 3 2 4 2 3 4 5 5 3 4 2 1 4 2 1 5 3 4 4 2 3 2 3 4 2 3 3 4 4 3 4 4
3 2 4 4 4 4 4 5 4 4 4 4 4 4 4 2 4 4 5 5 2 2 2 4 2 2 1 5 4 4 4 4 4 2 4 4 1 4 4 2 2 2 4 2 2 4 4 4 4 4 4 4 4 4 2 4 4
2 4 5 5 1 4 2 2 2 4 4 5 5 1 4 4 2 1 2 1 5 5 4 1 4 4 4 4 4 1 4 5 5 4 5 5 5 3 5 4 5 4 4 1 1 1 1 4 4 4 4 2 2 4 2 5 5
8 4 5 5 2 4 2 4 3 4 2 4 4 4 4 2 2 1 4 2 3 4 4 2 4 4 2 4 2 2 4 4 4 4 5 4 4 4 2 1 4 2 3 2 2 1 1 4 2 4 3 2 4 2 2 4 3
6 4 5 4 4 5 4 5 2 4 2 4 2 5 5 4 4 4 5 4 2 2 2 4 2 2 2 5 4 4 4 2 2 1 5 5 1 4 2 2 5 4 5 2 1 4 2 4 4 2 2 2 4 2 1 4 5
6 5 5 4 2 5 4 4 2 4 2 5 4 5 4 4 1 4 5 5 2 5 1 4 4 2 4 4 5 3 4 4 5 2 4 5 1 5 2 1 5 5 3 1 2 4 2 3 2 1 2 3 4 4 2 4 2
2 4 5 5 1 4 4 2 2 4 4 2 5 4 4 2 1 4 2 1 4 4 4 1 4 4 4 2 2 1 5 5 5 5 5 4 4 4 4 2 2 2 4 4 1 4 1 2 2 2 4 2 4 2 1 4 2
7 4 4 5 4 4 3 4 3 4 5 3 5 4 3 2 4 2 5 4 3 4 2 2 2 2 2 5 5 3 3 5 5 1 4 5 4 4 5 1 4 2 3 2 1 2 2 1 5 2 2 2 2 2 1 3 3
2 5 5 4 1 5 4 5 1 2 4 5 4 2 5 2 2 1 4 1 2 3 2 2 4 4 2 2 4 1 3 4 5 1 2 4 1 5 4 1 2 5 5 4 1 1 1 5 2 1 3 5 4 1 2 5 2
2 4 5 5 1 5 5 2 2 2 2 5 5 1 5 1 1 1 2 1 5 5 1 2 4 2 5 2 1 1 1 5 5 1 5 5 1 1 2 1 1 5 4 5 1 1 1 1 5 2 1 1 5 5 3 5 1
7 4 4 4 2 4 4 4 4 4 4 4 4 4 2 2 2 2 3 3 4 4 4 2 4 4 2 4 4 3 4 4 4 2 4 5 2 4 4 2 4 4 2 2 2 2 2 2 2 4 4 4 2 3 1 4 4
10 4 4 2 5 4 3 5 2 5 2 3 4 5 4 4 4 1 3 5 4 2 2 4 2 4 2 5 4 1 4 4 5 4 4 5 2 4 2 2 4 4 5 1 1 1 2 3 1 2 4 1 4 5 1 2 1
9 4 4 4 4 4 3 1 4 4 2 4 4 4 4 2 4 1 1 4 4 5 3 2 4 2 2 4 4 1 4 4 4 2 4 4 2 2 2 2 4 4 4 3 3 1 2 2 4 3 2 3 4 2 3 5 4
3 1 5 3 4 5 5 5 3 2 2 3 4 5 5 3 4 5 5 4 1 3 2 5 2 2 2 4 5 5 4 4 4 2 3 4 2 2 2 1 5 5 5 2 3 5 4 4 5 2 1 3 2 2 2 4 3
24 2 5 5 5 4 2 5 4 4 4 2 2 4 5 2 5 1 5 5 1 5 5 2 4 1 4 5 4 2 5 2 1 5 5 5 2 5 4 1 2 4 5 2 1 1 1 4 5 5 4 4 4 5 4 5 5
2 1 4 5 1 4 4 4 2 4 2 5 5 2 5 2 1 1 4 1 4 5 1 1 1 1 5 2 1 1 4 5 5 1 5 5 1 4 2 1 5 5 4 5 1 1 1 1 5 2 1 3 5 2 4 5 2
8 5 2 5 1 4 1 1 2 2 2 2 2 4 2 4 2 1 4 2 5 5 5 1 5 5 4 2 2 1 5 2 5 4 5 5 4 2 2 1 2 1 2 4 1 1 1 4 2 5 5 3 4 2 2 4 4
6 4 5 4 5 5 4 5 2 5 4 5 5 4 5 4 2 3 5 4 2 4 2 4 2 4 1 5 4 4 4 5 4 1 5 5 1 4 2 1 5 4 4 4 1 3 2 4 5 2 2 2 4 1 1 4 3
2 5 1 1 1 1 5 1 1 2 5 5 5 1 5 1 1 1 1 1 5 5 3 1 5 5 5 1 5 1 4 5 5 4 1 5 1 3 5 2 1 5 5 5 1 1 1 3 5 4 4 1 5 5 5 5 2
12 5 5 5 1 5 1 1 1 5 5 1 1 5 5 5 1 5 5 5 1 1 5 1 5 5 1 5 1 5 5 1 1 5 5 5 5 1 5 4 1 1 1 1 5 5 1 5 1 5 5 1 1 5 1 1 5
8 4 5 5 2 3 2 5 3 4 3 2 2 2 3 4 3 1 4 1 4 4 4 1 4 4 3 4 1 3 4 2 1 2 5 4 4 4 4 2 5 1 2 4 1 1 1 4 2 4 2 3 4 1 3 3 3
7 4 4 4 2 4 2 4 2 4 4 4 4 4 2 2 4 3 4 3 2 3 4 2 4 4 2 4 4 4 2 4 4 2 4 5 2 2 4 2 4 4 2 3 2 3 2 2 4 4 4 4 2 3 2 4 3
7 2 5 5 5 5 5 1 2 5 5 5 5 5 5 5 1 5 5 4 5 5 1 5 5 3 2 5 5 4 5 5 5 5 4 5 3 4 5 4 5 5 5 2 3 5 5 4 4 3 3 2 3 3 4 4 4
3 4 4 4 5 5 4 5 2 4 2 3 4 5 5 4 4 5 5 5 1 1 2 1 1 1 1 5 4 5 5 4 5 2 2 5 1 4 2 2 2 2 5 1 2 5 2 4 4 1 2 4 2 5 1 5 3
8 2 4 5 2 5 1 4 5 4 5 5 4 4 2 4 1 1 5 4 4 5 4 1 5 5 4 4 5 1 5 5 5 2 5 5 2 4 5 4 5 4 2 2 2 1 1 3 4 5 4 3 5 4 2 5 4
2 1 5 4 2 5 5 5 4 4 2 2 4 2 5 1 1 2 5 4 1 4 2 4 4 1 4 4 2 3 3 4 5 1 5 5 1 4 4 1 5 5 4 4 1 1 2 1 5 1 1 1 5 5 5 5 1
29 5 5 5 4 4 1 4 5 1 4 2 2 2 5 4 4 1 5 2 4 2 4 2 2 2 2 4 5 3 5 2 2 1 5 5 1 4 4 1 3 2 4 5 2 1 1 5 5 2 2 5 4 4 1 4 5
3 4 4 5 4 4 3 4 2 4 4 3 2 5 4 4 4 3 5 4 2 2 4 3 3 2 2 5 4 4 4 2 4 4 5 5 2 3 4 2 4 2 3 2 3 3 2 4 4 4 2 3 3 4 2 4 2
6 2 5 2 4 4 4 5 5 2 4 5 4 4 5 2 4 4 5 5 1 2 1 4 3 2 2 4 4 4 4 4 4 1 2 5 2 4 4 2 5 5 4 3 4 4 2 4 4 1 2 2 2 2 2 4 2
8 4 5 5 2 5 1 5 4 4 5 4 2 4 4 4 1 1 5 4 4 5 4 2 5 4 4 5 2 2 5 2 5 4 5 5 4 5 5 4 4 2 4 2 4 1 1 2 2 4 4 4 4 2 2 5 2
4 1 5 4 4 5 5 5 5 4 4 5 5 2 4 4 4 5 5 4 4 1 2 4 2 1 2 4 4 4 4 5 5 5 4 5 2 4 4 2 4 5 5 4 5 5 4 2 5 1 1 2 4 2 2 5 2
8 2 5 5 3 5 1 5 3 5 3 4 4 4 4 3 2 1 5 4 2 1 4 2 4 4 2 4 4 4 5 4 3 2 5 5 2 4 3 2 5 2 4 1 4 1 1 3 2 4 4 4 5 2 3 5 3
6 4 5 5 4 4 4 5 5 4 4 3 4 4 4 2 4 4 5 5 1 4 1 4 1 1 2 4 4 4 4 5 4 1 4 5 1 1 4 2 2 2 4 2 2 4 2 3 5 1 1 4 3 4 1 4 2
14 2 5 4 2 5 4 5 4 5 4 5 5 5 4 2 2 4 5 5 4 4 2 5 4 2 2 5 5 5 5 5 5 2 4 5 3 4 4 4 2 4 4 2 4 3 4 2 5 2 4 3 2 5 1 4 2
8 4 4 5 4 3 2 5 3 5 4 2 2 4 4 2 1 3 3 3 2 4 4 5 4 5 3 3 5 3 3 2 5 4 5 5 2 4 4 2 4 3 3 2 1 4 2 4 4 5 2 5 2 3 1 4 4
6 2 5 4 2 5 4 4 4 2 4 5 5 4 4 4 4 2 4 4 2 2 2 4 2 2 2 4 4 2 4 5 5 1 4 4 2 2 4 2 4 4 4 2 2 2 4 2 4 2 2 2 4 4 2 4 2
3 4 5 4 4 5 4 5 4 2 1 4 2 4 2 2 2 4 5 5 2 1 2 5 1 1 2 5 4 5 5 4 4 1 2 5 1 4 1 2 4 4 4 2 1 4 4 3 4 2 2 3 2 2 3 3 3
3 4 5 4 4 4 3 5 4 4 3 4 4 4 4 4 4 4 5 4 2 2 2 3 4 2 2 4 5 4 4 4 5 2 4 5 1 2 2 4 5 4 5 2 2 4 2 4 4 1 1 3 4 2 1 3 4
38 4 4 5 2 4 4 2 2 4 2 5 5 5 4 4 1 4 5 4 4 5 4 2 4 4 2 4 4 4 4 4 5 4 4 4 1 2 4 2 5 4 4 2 2 4 1 4 4 2 2 4 4 4 1 4 2
24 4 4 4 2 4 2 4 2 4 4 4 2 4 4 4 3 2 4 3 2 3 4 2 4 3 2 4 4 3 4 2 2 2 4 4 2 2 4 4 4 2 4 2 2 2 2 2 4 4 4 4 3 4 3 4 4
3 2 5 4 5 5 4 5 1 4 5 5 2 5 5 2 5 5 5 5 1 1 2 5 1 2 2 5 5 5 5 4 5 1 2 4 1 1 5 1 4 5 5 1 1 5 5 3 5 1 1 4 1 5 1 5 1
4 1 5 4 3 5 5 5 5 2 2 4 4 2 5 2 5 4 5 5 1 2 1 4 1 4 1 5 4 5 5 4 4 1 4 4 1 5 2 1 4 4 4 4 1 4 4 3 5 1 2 3 4 4 2 5 3
3 4 5 4 4 5 2 5 2 4 4 2 2 4 4 4 2 5 5 5 1 2 2 4 1 4 1 5 4 4 4 2 4 1 4 5 2 2 4 2 5 4 4 1 4 5 4 4 4 2 1 4 1 1 1 5 2
10 4 4 5 2 4 3 5 1 5 5 4 4 5 4 2 4 4 5 5 4 2 4 2 4 4 2 4 5 5 5 4 4 2 5 5 4 2 5 4 4 4 4 1 2 5 2 5 2 4 5 3 5 5 1 4 2
8 4 5 5 2 5 1 4 2 4 4 4 4 5 4 4 1 1 2 4 2 5 5 1 5 5 2 5 2 1 5 5 5 5 5 5 5 4 4 2 4 4 4 1 1 1 1 5 2 5 4 2 4 4 2 4 4
6 2 5 4 3 5 4 5 2 4 4 5 4 4 5 4 2 3 5 5 1 2 1 4 2 2 1 5 2 4 4 4 5 1 4 4 1 5 5 2 5 4 4 2 2 3 1 1 4 1 1 4 4 1 1 4 2
24 5 4 5 2 4 4 5 2 4 4 4 4 4 5 4 4 1 2 2 5 5 2 2 4 4 4 4 5 2 4 4 5 2 4 4 2 2 4 1 4 2 5 5 1 1 1 4 2 2 1 4 5 5 4 5 4
9 4 5 5 5 5 2 4 3 5 5 5 5 5 5 5 5 3 1 5 4 4 4 5 5 5 3 5 5 3 4 5 5 2 4 4 2 2 3 2 2 4 5 3 2 4 4 2 3 3 2 3 2 2 3 5 4
9 5 5 4 3 4 4 5 1 1 2 5 5 4 2 2 4 1 3 5 3 5 1 3 3 3 1 5 4 1 5 5 5 2 4 5 2 5 2 1 4 5 1 2 1 1 2 4 4 1 2 4 5 5 2 5 1
8 5 4 5 2 4 2 2 2 4 5 5 4 4 5 4 1 1 4 3 4 2 5 1 4 5 2 5 4 2 5 4 4 2 5 5 2 2 5 1 5 2 5 2 2 1 1 4 4 5 5 2 3 4 2 4 4
7 4 5 5 4 4 4 5 3 4 4 5 5 2 4 2 4 2 5 2 2 4 2 4 4 2 2 5 4 3 4 5 4 2 4 4 1 4 4 2 5 4 4 4 1 2 2 2 4 2 2 2 2 4 2 4 2
24 4 5 5 1 5 2 5 2 1 4 5 5 4 5 2 1 1 5 4 2 5 4 2 4 5 3 5 1 4 5 5 2 4 5 4 2 2 4 1 4 4 5 1 1 1 1 1 5 4 2 2 5 5 4 4 2
4 2 5 4 4 5 5 5 3 3 4 3 5 2 5 2 3 3 5 4 2 1 1 4 1 2 4 3 4 4 2 5 4 2 5 5 2 3 4 2 4 5 5 2 4 3 4 3 4 1 2 2 2 5 2 4 3
2 5 5 5 1 5 5 1 5 5 1 5 5 1 5 1 1 1 1 1 5 5 1 1 5 1 5 5 1 1 1 5 5 2 5 5 1 5 1 1 5 5 5 5 1 1 1 1 5 1 1 1 5 2 5 5 1
3 1 5 2 4 4 5 5 5 4 2 4 5 5 5 1 4 3 5 5 1 2 1 4 1 1 1 5 3 5 1 4 5 2 4 5 1 4 4 1 4 5 5 2 2 3 4 3 4 2 2 4 3 5 2 5 2
3 2 4 3 5 5 3 4 3 4 4 3 4 5 4 4 3 4 5 5 2 2 3 4 2 2 2 5 3 4 2 4 4 2 4 4 2 2 4 2 5 4 3 3 2 4 4 4 4 3 2 3 4 4 1 4 3
8 4 5 5 2 4 2 4 2 4 4 2 2 5 4 2 2 1 5 4 2 2 4 2 4 4 2 4 4 2 5 2 2 2 5 4 4 2 4 2 5 2 4 2 4 1 1 2 4 4 2 4 4 2 2 4 4
7 4 4 4 2 4 2 2 4 4 4 4 5 2 3 4 3 2 4 4 4 4 4 3 4 4 4 4 2 2 4 4 4 2 4 4 2 3 4 4 2 4 3 4 2 2 2 2 2 4 2 3 4 2 2 4 3
3 5 5 4 5 5 4 5 1 5 2 5 4 5 4 2 5 4 5 5 1 2 2 5 1 4 1 5 4 5 4 4 4 2 2 5 1 2 2 1 5 4 2 1 1 4 2 4 2 1 1 2 4 1 1 5 1
8 2 5 5 2 5 2 4 2 4 4 2 2 5 4 4 2 1 5 4 4 2 4 2 4 2 2 4 4 2 4 2 5 4 5 5 2 4 4 2 5 2 3 1 1 1 2 4 4 4 5 4 2 2 1 4 2
3 4 4 5 4 4 4 5 4 2 4 4 5 4 5 2 2 1 5 4 4 2 4 2 4 4 2 5 2 4 2 5 4 1 5 4 2 4 4 1 5 5 4 4 2 2 2 4 4 4 2 2 4 5 2 4 2
11 1 5 1 5 5 5 5 5 4 4 5 5 4 5 1 5 5 5 5 1 1 1 5 1 1 1 5 5 5 3 5 5 1 1 5 1 2 4 1 5 5 5 5 1 5 5 1 5 1 1 5 5 5 5 5 1
3 4 5 4 4 5 4 5 2 4 4 2 2 4 4 4 4 4 5 4 2 2 2 4 4 2 1 5 4 4 4 2 4 1 4 5 2 4 4 2 4 4 4 2 4 4 4 4 2 2 2 4 2 4 1 5 2
9 4 5 5 1 4 4 1 5 4 1 5 5 2 2 3 3 1 5 5 3 5 2 3 4 3 1 5 5 1 2 4 5 5 5 5 3 3 2 1 5 5 3 5 1 1 3 2 5 2 2 3 4 4 3 5 4
24 4 5 5 1 5 2 3 4 2 4 4 4 4 4 2 4 1 5 4 5 4 4 2 4 4 4 4 3 3 4 4 5 3 5 5 4 2 4 2 3 4 4 2 2 1 2 2 4 4 2 3 3 3 3 4 2
10 4 5 5 4 5 4 5 2 5 5 5 5 4 4 1 5 1 4 5 4 4 1 4 1 4 4 5 5 1 2 5 5 2 5 4 4 1 4 2 2 5 5 4 1 4 4 4 4 1 1 5 4 5 1 5 4
6 2 5 5 4 5 5 5 4 4 4 5 4 4 5 5 2 2 5 2 4 4 2 4 1 4 4 5 5 3 5 4 5 1 5 5 1 5 5 2 5 4 5 4 1 3 2 4 5 1 1 2 4 5 1 5 4
9 1 5 1 5 4 2 5 1 1 2 5 2 2 4 5 3 1 4 5 1 5 2 4 4 4 3 5 5 2 5 2 1 1 1 1 1 2 2 1 5 5 3 5 1 4 4 5 5 1 1 5 4 5 1 1 2
10 5 5 4 4 5 2 5 1 2 1 5 5 5 5 4 4 3 5 5 2 2 4 2 2 2 1 5 4 3 2 5 4 2 4 1 1 5 2 2 5 4 5 2 1 3 2 3 2 4 2 4 2 5 1 2 4
3 2 5 4 5 5 3 5 2 4 5 2 4 4 5 3 2 4 5 5 1 1 2 4 2 2 1 5 4 4 4 5 5 1 4 5 2 4 4 2 5 2 4 2 1 4 4 5 5 2 2 4 2 3 2 5 4
4 2 4 4 5 5 4 5 4 4 4 5 5 5 5 1 5 5 5 4 1 2 1 5 1 1 1 5 5 4 4 5 5 1 4 4 1 4 4 1 4 5 5 2 4 5 2 3 5 1 1 4 4 2 3 4 3
4 1 5 1 5 5 5 5 3 2 2 5 5 4 5 2 5 5 5 5 1 2 1 5 1 1 1 5 5 5 4 5 5 1 2 4 1 4 2 2 5 5 5 2 2 5 5 4 5 1 1 2 2 4 1 4 3
14 2 5 4 4 5 3 5 3 4 4 3 3 4 4 4 4 3 5 3 2 1 1 4 2 2 1 5 4 5 4 3 4 4 2 5 4 4 4 2 4 4 4 2 2 2 4 2 5 1 2 2 4 5 3 4 3
13 1 5 1 5 5 5 5 5 4 5 5 5 5 5 4 5 2 5 5 1 1 1 5 1 1 1 5 5 5 2 5 5 1 5 5 1 5 5 1 4 5 5 2 1 2 4 1 5 1 1 2 2 5 1 5 4
4 2 5 2 5 5 4 5 3 2 3 3 4 4 5 2 5 5 5 5 3 3 1 4 1 1 1 5 5 5 5 5 5 5 2 3 1 5 2 1 4 5 4 2 2 5 5 4 5 1 1 3 3 3 3 3 3
8 2 4 4 1 4 2 3 2 5 2 4 4 4 3 3 1 1 5 4 2 4 2 1 4 5 2 2 1 4 4 4 2 2 4 4 2 2 2 1 5 4 3 3 1 1 1 5 4 2 1 3 5 3 5 4 4
2 2 4 4 1 3 4 1 3 5 2 2 4 1 5 1 4 1 4 1 5 5 2 1 5 5 3 4 5 4 4 4 4 2 4 4 2 5 2 2 5 4 4 5 1 3 1 1 4 2 4 1 4 2 2 4 2
7 2 5 5 4 4 4 5 3 4 2 5 5 2 5 2 4 2 4 2 3 4 2 4 4 4 2 5 5 4 4 5 5 2 5 5 1 2 2 2 4 4 5 4 2 4 2 1 4 2 2 2 2 2 2 4 2
8 4 4 5 1 4 1 5 2 5 5 5 2 5 3 4 1 1 5 3 4 4 5 1 5 5 3 4 5 3 4 2 1 4 5 5 4 5 4 2 5 2 3 2 2 1 1 5 3 5 4 2 3 5 2 4 5
8 4 4 5 2 4 1 2 4 5 5 2 2 4 1 4 1 1 4 4 4 5 5 1 5 5 4 2 5 1 5 2 5 4 5 5 4 2 5 5 4 1 1 2 2 1 1 4 1 5 5 2 5 4 2 5 4
6 1 5 5 1 5 5 1 4 2 4 5 5 5 4 1 3 3 5 2 2 2 1 4 2 2 2 2 5 2 5 5 5 1 5 5 1 4 5 1 4 5 5 4 4 3 2 2 5 1 2 2 4 5 1 5 1
4 2 5 2 5 5 4 5 3 2 4 4 4 5 5 2 4 4 5 5 1 1 1 5 1 1 1 5 3 5 4 4 4 1 2 4 1 4 2 1 5 4 5 2 2 5 5 4 5 1 1 3 3 2 1 3 2
7 5 5 5 2 5 5 2 5 4 5 3 5 5 5 4 4 4 5 4 5 5 4 2 5 5 3 5 5 5 5 5 5 1 5 5 1 1 4 4 4 5 4 1 1 4 2 4 4 5 4 4 2 5 4 5 1
6 1 5 2 5 2 5 4 4 2 4 4 4 4 4 2 4 3 5 4 3 2 1 5 1 1 3 5 3 3 4 5 5 1 1 4 2 1 4 1 4 4 4 2 2 2 4 1 5 2 1 2 3 2 2 5 2
6 4 5 4 4 4 2 5 2 2 2 4 5 4 5 2 3 3 5 4 1 2 2 4 3 2 2 5 4 3 4 5 5 1 4 4 1 1 2 1 2 2 4 2 1 3 3 3 2 2 2 3 3 3 3 4 3
10 2 5 5 3 4 2 4 4 2 4 5 5 4 5 4 4 4 5 4 4 1 4 4 2 2 4 4 5 4 5 5 5 4 4 4 1 3 4 2 5 5 5 3 2 3 4 4 3 3 1 4 4 4 3 3 4
10 4 5 5 5 5 2 5 4 4 4 4 5 5 4 1 2 2 5 5 1 4 4 2 2 1 4 4 4 4 5 5 5 2 5 4 1 1 4 2 4 5 4 1 1 2 1 2 2 4 2 2 2 1 1 4 2
24 2 5 5 2 5 2 5 3 5 5 5 5 5 5 2 5 1 5 5 4 3 4 1 5 5 1 5 5 5 5 5 5 1 5 5 1 1 5 1 5 5 4 1 1 1 1 4 4 4 5 5 4 5 1 4 4
2 5 5 5 1 5 4 4 4 2 5 2 1 2 5 1 1 1 5 1 4 4 4 2 2 2 2 4 1 1 4 2 2 4 4 2 4 4 5 2 2 2 5 5 1 1 1 5 2 4 1 1 5 1 4 1 2
7 4 5 5 2 4 2 4 2 4 4 5 5 2 4 1 4 1 3 3 2 4 1 2 4 4 2 4 5 1 4 5 5 1 4 2 2 4 4 2 4 4 4 2 4 1 2 1 4 2 2 4 4 3 3 4 4
2 4 5 3 1 5 3 5 3 2 5 5 5 1 5 2 4 3 5 1 5 5 4 2 4 4 5 3 3 1 3 5 5 3 3 4 1 1 5 1 3 4 5 5 1 3 2 2 4 3 4 3 3 4 4 5 2
7 4 4 5 1 4 3 2 3 4 4 5 5 4 4 1 4 3 3 3 2 4 2 2 2 4 4 2 2 4 5 5 5 2 5 5 4 4 4 4 2 4 2 2 2 4 2 2 2 4 4 2 2 2 2 5 4
7 4 5 5 2 5 2 5 2 4 4 5 5 4 4 1 3 2 5 2 4 4 4 2 4 2 1 4 2 4 5 5 2 1 5 5 3 4 2 2 4 5 4 4 1 2 2 2 2 4 2 5 1 2 1 5 5
6 1 5 1 1 5 5 4 5 5 5 3 5 4 5 3 3 1 2 2 4 4 1 4 2 2 2 5 4 4 4 5 5 1 2 5 1 2 5 2 4 4 5 4 1 2 4 3 5 1 1 3 3 4 2 3 2
6 4 5 4 5 4 2 5 2 4 2 4 4 4 5 4 2 4 5 4 2 2 2 4 2 2 2 4 5 4 4 4 4 1 4 5 1 4 2 1 5 4 4 2 2 4 2 3 4 1 1 3 3 3 2 5 4
6 2 5 4 4 5 4 5 2 5 5 3 1 4 5 5 5 5 5 4 4 2 2 4 1 1 1 5 2 4 5 2 2 1 5 5 1 2 5 1 4 2 5 2 5 4 4 5 4 1 2 4 4 4 1 4 2
3 4 5 5 4 5 5 3 2 4 2 3 2 4 4 4 3 3 5 5 1 1 2 4 4 3 4 4 5 3 5 2 2 4 5 5 1 2 2 4 5 2 4 2 4 4 4 3 4 3 2 3 4 4 2 5 4
7 2 5 5 5 4 2 5 2 4 4 5 5 4 4 2 4 4 5 5 2 4 4 4 2 2 2 5 4 5 5 5 5 2 5 5 2 2 4 1 5 5 3 2 2 4 2 3 5 4 2 4 2 4 1 5 4
7 4 5 5 4 5 5 2 5 4 4 5 5 4 5 4 5 2 2 2 5 5 4 4 2 2 2 5 4 5 5 5 5 1 5 5 1 4 4 2 5 5 5 5 2 2 1 2 5 3 1 3 2 2 2 5 2
3 2 5 4 5 5 2 5 3 4 4 4 5 5 4 4 4 5 5 5 1 1 5 4 4 2 1 5 4 5 5 2 2 4 5 5 4 2 4 1 4 2 2 1 4 5 4 2 4 4 2 4 2 2 2 4 4
3 4 5 4 4 4 4 5 2 4 2 4 5 2 2 4 4 2 5 5 1 1 2 2 1 5 1 5 4 4 5 5 4 1 4 5 2 4 1 1 2 2 4 5 1 2 4 2 2 1 2 3 5 2 1 4 2
2 4 4 4 2 3 2 4 2 2 2 4 4 2 4 2 2 2 2 1 4 4 4 4 2 4 4 4 4 2 4 4 4 2 4 4 2 4 2 2 4 2 4 4 2 2 2 2 2 4 3 4 4 2 2 4 2
7 1 5 4 4 4 4 4 4 2 4 5 5 5 4 2 4 1 5 4 4 2 2 4 3 2 2 4 4 2 4 5 4 1 4 5 1 2 4 1 2 4 4 2 4 1 2 2 4 2 2 3 1 1 1 4 4
8 4 4 5 2 2 2 4 4 5 2 2 4 4 2 2 4 1 4 5 4 4 4 2 4 4 4 4 5 4 4 4 4 4 5 4 4 2 2 2 5 2 2 2 2 1 1 4 5 4 4 5 4 5 1 2 2
10 2 5 5 4 5 1 3 3 4 2 3 2 5 2 2 5 3 5 4 3 4 2 4 4 3 2 5 4 4 5 2 2 1 5 5 4 2 4 4 1 5 2 2 1 2 4 4 4 4 1 2 1 5 2 2 3
8 4 4 4 3 3 2 2 3 4 4 3 4 3 3 4 3 2 2 2 4 4 4 3 2 3 2 4 2 3 4 4 4 4 4 4 4 3 4 2 3 3 2 4 4 2 2 3 2 4 3 3 3 3 2 4 4
3 2 5 4 5 5 4 5 2 4 4 2 4 5 4 2 4 5 5 5 2 2 2 4 2 2 1 5 4 4 4 4 5 4 4 5 2 4 4 2 4 2 4 2 2 5 4 4 5 2 2 4 2 2 1 5 4
8 2 5 5 5 5 2 4 2 4 5 4 4 4 5 2 1 2 4 4 4 4 5 4 4 4 2 4 3 3 4 5 5 2 5 5 4 3 5 1 4 5 5 2 2 2 2 4 4 5 1 4 3 2 3 5 4
6 4 5 4 4 4 4 5 4 4 4 5 5 2 4 2 5 4 5 5 3 2 1 4 4 2 2 5 5 2 5 5 5 2 4 4 2 4 4 2 2 4 2 5 2 4 3 4 5 2 2 3 4 5 1 4 4
4 2 5 2 5 4 4 5 3 4 2 4 5 2 5 2 4 3 5 5 1 1 1 5 1 1 1 5 2 5 2 5 5 1 2 5 2 1 2 1 4 4 4 4 1 2 5 2 5 1 1 4 3 2 2 4 2
8 2 5 4 5 5 2 2 1 4 2 4 2 5 4 4 2 1 3 5 1 5 4 2 2 4 1 5 5 4 5 2 4 1 4 4 4 2 2 4 5 2 4 2 2 1 1 2 4 4 2 3 2 1 2 2 4
4 1 5 2 4 4 4 5 3 4 2 4 5 4 5 2 4 4 5 5 3 3 1 5 2 1 1 5 4 5 4 5 5 1 2 3 1 5 2 1 5 4 4 2 2 4 5 2 5 1 1 4 3 3 1 3 3
3 1 5 5 5 5 2 5 4 2 5 4 4 5 5 2 2 4 5 5 1 1 3 4 1 1 1 5 5 5 5 2 5 1 5 5 1 4 5 2 4 4 5 1 4 4 4 5 5 4 4 2 1 4 2 5 2
8 2 5 5 1 4 1 5 1 5 4 2 1 5 4 4 4 1 5 5 1 2 2 1 4 5 2 4 2 4 5 1 2 4 4 2 4 4 4 1 5 1 3 1 1 1 1 5 4 2 4 5 2 2 1 4 2
6 1 5 4 4 5 4 5 3 4 2 5 4 4 5 2 1 3 5 5 4 2 1 5 2 2 2 5 5 3 1 4 4 1 4 5 1 4 4 2 5 4 4 2 1 3 2 5 5 1 1 4 5 2 1 5 5
8 2 5 5 5 3 1 1 4 5 1 3 5 5 4 2 2 1 5 4 4 1 4 4 1 1 1 5 1 4 4 5 5 1 5 5 2 5 1 1 3 5 4 4 2 1 4 3 5 2 1 2 4 4 5 5 3
9 4 5 5 4 4 2 4 2 4 2 4 5 4 4 2 4 1 4 2 4 5 2 2 4 4 2 5 5 2 5 5 5 2 4 5 1 2 1 2 5 2 4 1 1 1 1 1 5 2 4 5 5 5 3 5 4
24 4 5 5 1 5 2 5 2 5 5 5 5 5 5 4 4 1 4 2 5 4 5 5 5 4 5 4 5 5 5 5 5 4 5 5 4 4 5 2 4 5 4 2 1 2 5 5 2 5 2 5 4 5 2 5 2
2 2 5 5 4 4 2 2 4 3 4 5 4 2 5 2 3 3 5 3 4 4 3 4 4 3 2 4 4 2 3 4 4 1 5 5 1 2 4 2 5 4 5 5 2 3 1 3 5 4 2 3 4 3 3 5 4
8 4 5 5 1 5 2 5 2 5 5 5 5 5 5 4 1 1 5 4 2 2 5 1 5 5 4 5 5 4 5 5 5 2 5 5 5 2 5 4 4 5 5 1 5 1 1 5 5 5 5 4 5 1 1 5 5
8 5 1 5 5 1 1 2 3 5 5 3 4 5 1 2 5 1 5 4 4 5 4 2 4 2 1 5 5 1 5 5 1 4 5 5 4 2 5 4 4 1 1 1 1 1 1 5 1 4 1 4 3 5 3 3 3
7 4 4 4 4 4 3 5 3 4 4 4 5 4 4 1 5 3 4 3 4 5 2 3 3 4 3 3 4 3 4 5 5 4 4 4 3 3 3 2 4 5 3 3 1 2 2 3 2 1 2 3 2 2 1 4 2
4 1 5 1 5 4 5 5 2 2 2 4 5 2 5 2 3 3 5 5 1 1 1 5 1 1 1 5 4 3 5 5 5 1 2 5 1 2 4 1 5 5 5 2 1 3 5 3 5 1 1 3 3 3 1 3 2
12 4 4 4 2 5 1 2 2 5 4 2 1 5 4 4 1 2 5 2 1 1 5 1 5 4 2 5 1 4 4 1 2 5 5 5 4 2 4 2 2 2 2 2 2 4 1 4 2 5 4 4 2 5 2 2 4
38 4 5 4 1 5 4 2 1 4 4 5 5 1 5 1 2 1 3 1 4 4 2 4 4 2 5 4 4 1 4 5 5 2 4 5 1 2 4 1 5 4 4 5 1 1 1 1 5 2 2 4 4 5 4 4 2
9 5 4 5 5 4 1 1 4 5 5 4 4 5 4 2 1 1 1 5 4 5 4 4 2 4 3 5 3 1 5 4 4 4 4 5 4 2 4 3 5 4 4 1 4 1 2 4 1 4 4 4 4 3 5 2 5
2 4 5 5 1 5 5 5 2 1 5 5 5 1 5 2 4 3 2 1 5 5 4 1 5 5 5 4 1 1 5 5 5 1 5 4 1 1 5 1 5 5 5 5 1 3 1 3 5 4 5 4 2 5 5 5 1
6 2 5 4 4 4 5 5 3 3 2 5 4 3 4 2 3 3 5 4 3 3 1 4 2 2 3 4 5 5 3 5 4 1 2 5 1 5 3 2 5 3 4 3 2 3 4 4 5 1 2 3 4 3 3 5 2
9 4 4 4 3 4 2 4 3 4 4 4 4 4 4 2 2 2 3 4 4 4 4 2 4 4 2 4 4 2 4 4 4 3 4 4 2 2 4 2 4 4 4 2 2 2 2 2 4 4 2 2 4 2 2 4 3
3 5 4 2 4 5 5 5 1 4 4 1 1 4 4 4 2 5 5 4 1 1 1 5 1 2 1 5 4 5 5 1 2 4 2 5 1 4 4 2 4 4 4 4 1 4 4 4 4 1 1 4 2 4 1 2 5
6 2 5 4 5 4 4 5 4 4 4 4 5 4 5 5 2 2 5 4 2 2 1 4 4 2 1 5 4 3 5 5 5 1 4 5 1 5 4 1 5 5 4 1 4 1 2 5 4 1 1 1 2 2 1 4 1
2 4 2 4 1 2 2 2 4 5 5 5 5 2 5 4 2 1 1 1 5 5 4 1 5 5 5 1 4 1 5 5 5 2 4 5 1 4 5 1 2 5 5 5 1 1 1 1 2 4 2 5 4 2 4 5 4
34 4 5 1 2 5 5 4 3 4 2 5 4 3 5 4 3 3 2 3 5 5 1 3 3 4 5 2 4 2 4 4 3 2 2 5 4 4 2 2 4 4 5 4 4 3 3 3 4 1 3 3 3 4 3 3 2
2 4 4 5 1 4 4 1 3 4 2 4 4 1 4 3 4 2 2 1 5 4 2 1 4 5 3 4 3 1 4 4 5 2 4 4 2 5 2 2 5 2 3 5 1 2 1 3 2 2 2 1 4 4 3 4 1
6 4 5 4 2 5 5 5 2 5 2 3 1 4 2 2 4 5 5 2 2 2 2 2 1 4 2 2 3 2 5 1 4 4 4 4 2 3 2 4 4 4 3 2 2 5 2 2 2 2 1 3 4 3 1 3 3
6 4 5 4 4 4 4 5 4 4 2 4 5 4 4 4 2 4 5 4 2 2 2 4 1 2 2 4 4 4 4 5 5 2 4 4 2 5 2 2 4 4 4 2 2 4 4 4 4 2 2 2 4 2 2 4 2
2 2 4 4 2 4 4 5 4 4 4 5 5 2 5 2 4 3 4 1 5 5 2 4 4 2 5 2 1 1 4 5 4 2 4 5 2 2 4 2 4 5 4 4 1 1 1 2 5 1 2 2 2 4 5 4 1
24 4 5 4 4 5 4 5 4 4 4 4 4 4 4 4 2 1 5 3 4 4 4 1 4 4 4 5 4 4 4 4 5 2 4 5 4 4 4 2 2 5 4 4 2 1 1 4 5 4 5 4 4 3 2 5 4
6 2 4 5 5 5 4 5 5 5 5 4 4 5 4 4 4 5 5 4 1 4 1 1 4 1 1 2 4 1 4 4 5 1 4 5 1 5 5 4 5 5 2 4 4 4 2 5 2 1 4 5 5 4 1 5 1
3 4 5 5 5 5 3 5 4 4 4 2 2 5 4 4 4 4 5 5 1 2 4 4 2 2 1 5 4 4 5 2 4 2 4 5 2 4 4 4 4 3 4 4 4 4 4 4 2 3 2 4 2 4 1 5 3
8 2 5 5 3 4 2 5 5 4 2 5 5 2 5 4 2 1 5 1 2 4 2 1 4 4 5 4 2 4 4 5 5 1 5 5 1 4 2 1 5 5 5 5 1 1 1 4 5 4 2 2 2 5 1 5 5
10 2 5 4 4 5 4 5 4 4 5 5 5 5 5 1 4 4 5 5 5 3 5 1 4 4 2 4 3 3 3 5 5 2 5 5 1 2 5 4 3 5 4 4 3 4 3 2 4 4 2 3 3 5 3 4 2
24 4 5 5 4 5 2 2 2 1 3 2 2 4 2 4 5 3 5 1 4 5 2 1 2 5 4 4 5 2 2 4 4 1 5 1 1 2 4 2 1 2 4 4 2 1 1 4 5 2 2 1 4 3 3 4 2
2 5 2 2 1 2 1 1 1 4 5 5 4 1 4 2 4 1 1 1 4 5 5 1 5 5 4 4 4 3 3 4 2 4 3 5 5 2 5 4 2 5 2 5 1 1 1 1 1 5 4 2 3 3 2 4 4
3 4 5 5 4 5 4 5 2 4 4 2 4 4 4 4 4 4 5 4 2 2 2 4 2 4 2 5 4 4 4 4 4 2 5 5 2 4 4 2 5 2 4 2 2 4 2 2 2 2 2 4 4 4 2 4 4
2 2 4 4 1 4 4 4 2 4 4 5 5 2 3 2 3 1 2 1 3 4 4 2 4 2 4 2 2 2 4 5 5 2 4 4 2 4 4 2 4 4 4 5 1 2 2 2 4 2 4 2 2 3 4 4 2
24 4 4 4 4 3 2 3 2 3 2 4 5 4 4 2 4 4 4 3 4 3 4 2 5 4 2 4 1 3 3 5 4 2 4 4 2 2 2 3 2 3 4 4 2 4 2 3 2 4 3 3 3 5 2 4 2
3 4 5 4 2 5 4 4 5 4 2 5 5 4 5 4 2 1 5 4 4 4 1 4 1 4 2 4 5 1 4 5 5 2 4 5 1 2 2 1 4 5 5 1 4 1 2 4 2 1 2 2 2 5 1 5 5
7 4 5 5 1 5 4 4 2 5 4 2 5 5 5 2 4 2 5 4 4 1 2 2 4 4 2 5 4 2 5 5 5 2 5 5 2 5 5 2 5 4 4 2 2 2 2 2 4 2 2 4 2 2 2 5 4
7 5 5 4 4 5 2 2 2 4 2 4 4 5 4 2 3 1 5 5 3 4 4 4 4 1 2 4 2 1 5 4 5 4 4 4 2 2 2 2 5 4 4 2 4 2 2 3 2 4 4 2 4 4 2 4 2
3 4 2 5 4 4 2 5 2 5 4 4 4 5 4 2 2 3 5 4 2 4 4 2 4 4 2 5 4 4 5 4 4 4 4 5 2 2 2 2 4 2 2 1 4 3 2 4 5 4 4 4 2 5 1 5 2
3 4 4 5 4 4 2 4 2 4 5 5 5 4 4 2 2 4 5 5 2 1 4 4 2 2 2 5 1 5 5 5 4 2 5 5 2 2 5 4 4 2 5 2 2 5 2 4 4 2 1 2 1 2 1 4 2
10 4 5 5 4 5 2 5 4 4 4 4 4 5 4 2 2 4 5 5 2 4 4 2 2 4 1 5 4 4 5 5 4 1 5 4 1 2 4 2 5 4 4 2 2 4 2 3 5 4 2 1 5 2 1 4 2
6 4 5 5 5 5 5 5 5 4 4 5 5 5 4 1 3 3 5 4 4 3 1 5 3 2 3 5 1 3 4 5 5 1 4 5 3 4 3 1 5 5 4 1 1 3 3 1 3 1 1 3 3 3 2 5 3
9 4 5 5 4 3 2 3 4 4 4 5 5 4 4 2 2 1 1 2 4 5 4 2 2 4 4 2 5 1 4 5 5 2 5 5 2 3 4 2 5 5 4 4 2 1 1 2 5 4 5 3 4 2 3 5 2
3 2 5 4 5 5 4 5 4 2 2 5 4 4 5 2 3 3 5 5 2 1 2 5 1 2 1 5 4 1 3 4 2 2 4 2 1 4 2 1 5 4 4 4 2 3 4 3 4 2 2 3 3 3 2 5 1
8 4 5 5 1 5 1 5 3 5 1 5 1 5 5 1 2 1 5 4 4 5 5 1 4 4 5 4 5 5 5 1 5 5 5 5 5 1 1 1 5 5 5 1 1 1 1 5 4 5 1 5 5 2 1 5 1
8 4 5 5 2 5 1 5 4 4 2 2 5 5 4 2 2 1 5 4 3 4 4 2 5 4 2 4 5 1 5 5 5 1 5 5 2 4 4 2 5 4 4 1 1 1 2 4 2 5 1 3 5 3 1 2 3
6 4 5 4 4 5 5 5 5 5 5 4 5 4 5 1 1 1 4 5 1 5 5 5 1 5 1 5 5 1 5 5 5 1 4 5 1 4 5 1 5 4 4 2 1 1 5 1 4 1 1 1 4 5 1 5 1
7 4 5 4 4 4 4 1 4 5 2 2 2 5 4 2 2 5 2 2 4 2 4 2 5 4 4 4 5 2 4 4 4 4 2 5 2 2 4 4 2 2 2 4 4 4 2 4 4 4 4 4 2 5 2 4 4
9 4 5 4 3 4 2 3 2 4 2 4 4 4 5 3 4 4 5 2 4 5 1 1 2 2 4 5 5 1 3 4 4 3 4 5 1 2 2 1 3 3 5 4 2 1 2 2 4 1 1 1 5 5 4 5 3
10 2 5 4 5 5 4 4 5 2 4 4 4 4 4 4 2 4 5 4 1 2 2 4 1 2 4 4 4 4 4 4 2 2 4 4 2 4 2 2 4 2 4 2 4 4 4 4 4 2 2 2 4 2 2 4 2
10 4 5 5 4 4 3 5 5 1 1 5 5 5 4 2 2 4 5 5 2 5 2 4 1 2 4 4 5 3 4 5 5 1 5 5 1 4 1 2 5 5 5 1 1 3 1 4 2 2 1 3 4 4 3 5 5
3 4 3 4 5 4 4 5 4 4 4 5 5 5 5 1 5 4 5 4 1 2 2 4 1 4 1 5 2 4 4 5 5 1 4 4 1 4 4 1 5 4 5 1 2 4 4 1 1 2 2 4 2 1 1 5 4
2 5 5 4 1 4 4 4 5 2 4 5 5 4 5 4 3 2 1 1 5 5 2 4 4 5 2 4 3 1 4 5 5 2 4 4 1 4 5 2 5 5 4 4 1 2 4 3 5 2 2 3 4 4 4 5 3
8 4 4 5 4 5 4 5 2 5 2 3 2 5 4 2 1 1 5 3 2 2 4 1 5 4 2 4 2 3 4 2 4 4 5 5 4 2 2 1 4 2 4 4 2 1 1 4 4 4 4 2 4 2 2 3 4
4 1 5 4 4 5 4 5 3 4 4 5 5 2 5 1 4 4 5 4 4 1 2 5 1 2 4 5 4 2 4 5 5 1 5 5 1 2 4 1 4 4 5 4 2 4 4 2 5 2 2 2 2 4 2 4 1
8 2 5 5 1 5 2 2 2 5 5 5 5 5 4 4 1 1 5 2 4 4 5 2 4 5 2 5 5 4 4 5 5 2 5 5 1 4 4 1 5 4 4 2 2 2 1 5 5 5 4 2 3 3 2 5 2
2 1 5 4 4 5 4 2 5 4 4 5 5 2 5 2 3 2 5 1 5 5 2 4 4 5 4 5 4 4 5 5 5 1 4 5 1 2 4 1 4 5 5 4 1 1 2 1 4 1 1 5 4 1 1 5 2
3 4 5 5 4 5 5 5 2 5 4 3 4 4 5 4 4 5 5 5 4 4 2 4 4 2 2 5 4 5 5 4 3 1 5 5 1 4 4 2 4 2 4 2 2 5 4 4 2 2 2 4 2 4 1 5 3
8 4 4 5 2 4 2 4 4 4 4 4 4 4 4 4 1 1 4 1 4 4 4 2 3 4 4 4 4 2 4 4 4 4 4 5 2 2 2 2 5 4 5 2 2 1 1 4 4 4 4 3 4 5 4 4 2
10 4 4 5 4 4 2 5 2 4 2 4 2 5 4 2 1 2 5 5 2 4 4 4 4 1 2 4 3 5 4 2 5 4 5 5 2 2 4 1 5 4 4 2 2 1 1 2 4 2 1 1 5 4 1 3 2
6 2 4 4 2 4 4 4 4 4 2 4 5 4 5 4 4 2 5 2 2 2 2 2 1 4 2 4 4 2 4 5 4 2 4 5 2 4 2 2 2 4 3 2 2 2 2 4 4 2 2 2 4 4 1 4 4
10 2 4 5 4 4 3 5 2 4 4 4 5 4 4 2 4 4 2 4 4 5 2 2 2 2 2 4 5 2 4 5 5 1 5 4 2 2 4 2 5 4 4 2 1 4 2 2 5 2 2 2 3 4 2 4 2
3 1 4 4 4 5 1 2 5 4 4 2 2 5 4 2 2 4 5 5 2 2 3 4 3 1 2 4 4 5 5 2 2 2 4 5 1 5 4 4 5 4 2 2 2 4 4 5 5 2 1 5 4 4 1 4 4
6 2 2 4 5 2 4 5 1 4 4 4 4 1 2 2 2 2 5 4 2 4 2 1 1 4 2 4 2 4 2 5 2 2 2 4 1 1 4 1 4 4 2 4 1 2 1 2 4 2 2 3 2 4 2 4 2
3 4 5 4 5 5 2 5 4 2 5 2 5 5 5 4 2 4 5 5 1 4 2 5 2 2 1 5 2 5 5 2 5 1 5 5 2 4 5 5 4 4 4 2 2 4 5 5 4 2 2 4 2 5 2 5 2
34 1 5 2 1 4 4 1 1 1 1 5 5 1 5 4 5 1 2 1 4 5 1 1 5 5 5 5 5 5 1 5 5 1 2 5 1 4 1 1 2 5 2 5 1 1 1 1 5 1 1 1 1 5 1 5 4
7 4 4 5 1 4 4 4 4 5 4 4 5 5 4 2 4 2 4 2 5 4 4 2 4 4 2 4 4 2 4 5 4 2 4 5 4 2 4 4 2 4 4 2 5 2 2 4 2 4 2 2 2 3 1 4 2
3 1 5 2 4 5 5 5 5 4 3 2 4 4 4 3 3 4 5 5 1 1 1 1 2 1 1 5 4 4 5 4 5 1 4 5 1 3 3 2 3 4 4 4 4 4 4 2 2 1 1 4 2 3 1 5 1
8 4 4 4 2 4 2 4 2 4 4 2 4 4 2 2 2 1 4 4 2 4 4 2 4 4 2 4 2 2 4 4 2 4 5 4 4 4 4 2 4 2 4 2 2 1 1 2 2 4 3 2 4 2 2 4 4
6 1 5 4 5 5 5 5 4 2 2 4 4 4 5 4 4 2 5 5 2 2 2 4 2 2 1 5 4 4 2 5 4 2 4 2 2 2 2 1 5 4 4 3 2 2 2 2 5 1 2 4 2 2 3 4 2
8 4 4 5 3 5 2 5 2 4 4 4 2 4 4 2 3 1 4 2 4 4 4 2 4 4 3 4 5 3 4 2 5 3 4 4 2 4 4 4 2 2 4 2 1 1 2 3 2 4 4 4 4 2 3 5 2
3 5 5 4 4 4 3 5 5 4 4 3 2 5 4 4 2 5 5 5 1 4 4 4 2 3 1 5 4 5 4 2 5 3 5 5 1 2 5 2 2 1 4 1 1 5 2 2 2 3 1 1 5 1 3 4 4
6 1 4 4 4 4 4 5 5 2 1 5 4 5 5 2 4 4 5 4 4 4 1 4 1 1 1 5 5 2 3 5 5 3 4 5 2 2 1 1 2 5 5 1 2 4 4 4 4 2 1 4 4 2 4 4 4
24 2 5 4 2 5 4 5 4 4 4 4 4 4 5 2 1 1 5 4 3 2 4 2 4 4 4 4 5 1 2 4 5 4 4 5 4 4 4 2 4 4 5 4 1 1 1 5 5 4 4 2 4 5 4 5 2
9 2 5 5 4 5 2 4 2 1 4 3 5 4 5 2 2 1 1 4 4 5 5 4 2 4 2 5 5 1 5 5 5 4 5 5 1 4 4 1 2 5 5 2 1 1 1 1 5 4 2 4 5 4 4 5 4
2 5 5 5 1 5 5 5 5 5 5 5 5 4 5 1 1 1 1 1 5 4 1 1 4 5 5 4 4 1 1 5 5 1 5 5 1 5 5 1 5 5 5 5 1 1 1 1 5 4 4 4 5 1 4 5 1
8 4 4 5 2 5 2 5 2 5 4 5 4 4 4 4 3 1 5 4 4 4 5 1 4 4 1 5 5 4 5 4 5 2 5 5 4 2 4 2 5 2 2 1 1 1 1 2 2 4 4 4 2 4 1 4 5
2 4 4 2 1 4 4 1 2 2 4 5 4 4 4 2 2 1 1 1 4 5 1 2 5 5 5 2 1 1 4 4 4 4 2 5 2 1 5 2 5 5 2 5 1 1 1 1 5 1 4 1 5 5 1 5 4
3 4 5 4 5 5 4 5 4 4 2 5 2 5 4 4 2 5 5 4 1 2 2 2 4 4 1 5 4 4 4 2 5 2 4 5 1 2 4 1 5 4 5 1 3 5 4 2 4 4 4 5 2 2 1 5 4
6 4 5 4 4 4 4 5 2 4 4 2 4 4 5 2 4 4 5 4 1 2 2 5 2 2 2 5 4 4 4 4 5 1 4 5 1 1 4 2 4 4 4 2 2 4 2 4 4 2 2 2 4 2 1 5 4
8 4 2 5 2 3 2 2 3 5 3 3 1 5 2 5 1 1 5 2 4 2 5 1 4 5 4 2 3 5 5 1 4 5 5 5 5 1 3 3 2 1 3 2 2 1 1 5 4 5 5 4 5 4 3 4 4
3 2 4 5 4 2 2 5 2 4 2 4 4 2 5 4 4 4 5 5 1 1 2 5 1 2 1 5 5 4 5 4 4 2 4 4 1 4 2 2 5 4 4 2 1 5 4 3 5 2 1 3 4 2 1 5 2
2 1 5 5 1 5 5 1 5 1 4 5 2 1 4 5 5 1 2 2 1 5 1 1 5 4 4 4 3 1 4 2 5 1 5 4 1 5 2 1 2 5 2 5 1 1 1 4 4 4 5 5 4 4 4 5 1
9 5 5 5 5 5 4 5 4 4 4 5 5 4 4 2 3 1 2 2 1 4 4 2 4 2 2 5 4 1 4 5 4 2 5 4 2 4 4 1 5 5 4 4 1 1 2 2 4 2 2 2 5 1 2 3 1
9 4 5 4 4 5 4 5 5 2 5 5 5 2 5 1 4 3 2 3 3 5 2 5 2 2 2 4 2 1 4 5 5 1 2 2 1 1 2 1 5 5 5 2 1 3 4 2 4 1 1 2 4 3 2 5 2
8 4 5 5 4 4 1 4 2 4 5 2 5 4 4 2 2 1 5 5 1 4 2 2 4 2 2 4 4 3 5 5 5 2 5 2 1 2 4 1 5 2 2 4 4 1 1 4 5 2 1 4 2 2 1 5 2
8 5 4 4 4 2 4 1 2 2 1 4 2 5 4 2 4 1 5 4 4 5 4 1 4 5 4 4 4 4 4 2 2 5 4 4 4 1 4 1 1 2 4 2 4 2 1 2 2 5 4 4 4 2 2 4 4
9 4 5 5 4 4 2 4 4 4 4 5 5 4 4 2 3 2 2 4 3 5 3 3 4 3 3 4 2 2 4 5 4 2 4 4 2 2 4 2 4 4 3 4 2 2 2 2 4 4 2 2 4 4 3 4 4
3 2 5 4 5 5 4 5 5 4 4 4 5 5 4 2 4 5 5 5 1 1 4 2 1 2 1 5 5 5 5 5 5 1 4 5 1 1 4 2 4 4 4 1 4 5 5 5 2 2 1 5 2 5 1 5 4
4 2 5 4 5 4 5 5 5 1 4 4 5 2 5 1 4 4 5 4 1 5 1 4 1 2 2 5 5 5 4 1 5 1 2 5 1 5 2 1 5 5 5 4 1 5 5 2 5 1 1 5 2 4 1 5 2
10 5 5 4 2 4 4 5 4 4 1 2 4 4 5 4 4 3 5 5 1 1 1 5 2 1 1 4 4 5 5 4 5 1 4 5 1 1 1 1 5 4 4 4 2 3 4 2 4 1 2 3 2 4 1 3 2
10 4 5 5 3 5 2 5 2 5 2 5 5 5 4 2 2 1 5 3 2 4 4 2 5 4 2 4 5 2 5 5 5 1 5 5 2 1 2 1 5 4 3 2 2 1 1 2 4 4 2 4 4 5 1 5 4
3 1 5 4 5 5 4 5 4 4 4 5 4 5 5 4 4 4 5 5 1 2 2 5 1 1 1 5 3 5 4 4 5 1 4 4 2 2 4 2 5 5 4 1 4 4 4 4 5 2 1 4 2 5 2 5 4
2 1 4 4 2 5 4 5 2 4 2 5 5 1 4 2 4 2 2 1 4 5 2 4 1 2 4 2 4 1 4 4 5 1 5 5 2 2 3 1 2 4 4 5 4 2 2 4 5 2 4 2 5 5 4 4 4
3 2 5 5 4 5 4 5 5 4 4 4 5 5 5 5 2 4 5 5 2 2 2 5 2 1 1 5 5 4 5 5 5 5 5 5 2 3 2 2 5 4 5 2 2 4 4 4 5 3 4 5 4 1 1 5 4
10 5 5 2 2 5 1 5 1 2 4 4 1 5 5 4 1 1 5 5 5 1 1 1 5 4 1 5 2 1 2 2 2 2 2 5 1 5 4 1 4 4 5 1 1 1 1 5 1 1 5 2 2 5 1 4 2
7 1 5 5 5 5 3 5 2 4 2 5 5 5 4 1 5 1 5 4 2 3 2 3 2 2 1 4 5 5 5 5 5 1 5 5 1 5 2 2 4 5 3 1 1 1 1 1 5 2 2 5 1 1 1 5 3
34 4 5 5 1 4 5 2 2 1 5 5 5 2 5 1 4 4 2 1 4 5 2 4 4 4 4 4 5 1 5 5 5 1 5 5 1 4 5 1 5 5 4 5 5 5 2 4 5 4 2 3 4 2 1 4 1
3 4 5 4 5 5 5 5 2 5 4 2 2 5 4 4 4 5 5 5 1 2 2 4 2 2 1 5 5 5 4 2 5 1 4 5 1 4 4 4 5 5 4 1 2 5 4 5 4 1 2 5 1 4 1 5 4
6 2 5 5 4 4 3 2 5 4 4 5 2 4 4 2 4 2 3 2 1 5 1 4 4 4 2 5 5 1 4 2 2 4 5 4 2 5 4 1 5 5 4 2 2 2 4 5 4 1 2 3 3 4 2 5 3
4 2 5 4 4 4 4 5 5 1 1 4 5 4 5 2 2 4 5 5 1 2 1 4 1 1 1 5 4 3 2 4 4 1 4 5 1 4 1 2 5 5 5 2 2 4 2 4 4 1 2 2 4 4 2 4 2
2 1 5 5 4 5 5 5 5 5 2 5 4 1 5 4 2 2 3 3 5 4 4 3 1 2 5 2 4 1 4 4 5 1 5 5 1 5 1 2 5 5 5 5 1 1 1 1 5 2 2 2 4 5 2 5 1
3 4 5 4 5 5 4 5 2 2 3 4 4 5 4 2 4 4 5 3 2 1 1 4 3 2 1 5 3 3 4 4 4 2 4 4 2 4 3 2 5 4 4 2 1 4 2 3 4 1 2 4 3 2 2 5 4
3 2 5 4 5 4 5 5 4 4 2 4 5 4 5 2 3 4 5 4 1 1 1 4 1 2 1 5 4 5 4 5 5 2 4 4 1 2 2 2 4 4 4 3 2 4 3 3 5 1 2 3 3 4 1 4 2
2 5 5 4 1 4 4 2 4 5 4 5 5 4 5 4 2 1 1 1 3 5 4 4 3 1 4 4 4 3 5 5 5 1 5 5 1 3 4 1 4 5 5 5 1 1 4 3 4 2 2 3 3 4 1 5 1
7 4 5 4 3 4 3 3 4 4 4 4 5 4 4 1 4 1 2 4 4 5 2 2 4 4 3 4 4 1 4 5 5 2 4 2 3 4 4 2 4 4 3 2 4 2 2 2 4 2 2 3 4 2 1 5 2
24 4 4 4 2 4 3 5 2 4 4 4 4 5 4 4 2 2 5 4 4 4 4 1 4 4 2 4 2 2 4 4 2 2 4 5 4 2 4 2 4 4 3 1 4 2 1 4 2 4 4 2 4 2 2 4 4
10 2 5 5 4 5 1 2 1 1 5 4 5 5 5 2 2 2 5 4 4 2 4 2 4 4 2 4 5 3 4 5 5 1 5 5 1 4 4 1 5 4 2 2 3 1 1 2 4 4 2 1 4 2 2 1 4
10 4 5 5 4 4 2 5 5 5 4 4 5 4 5 2 2 2 5 5 4 2 4 4 2 2 2 4 5 4 5 5 5 4 5 4 2 2 4 2 4 4 4 2 2 2 4 1 2 5 2 2 5 4 1 5 2
6 4 5 4 3 4 4 5 3 5 4 3 4 4 4 2 3 3 5 4 4 4 2 2 3 2 2 5 5 3 4 5 3 2 4 4 2 4 4 2 4 2 5 4 2 3 2 3 2 1 2 3 3 5 2 3 3
10 5 4 4 4 5 2 5 5 1 1 5 5 5 4 1 2 1 5 5 4 5 4 2 4 2 2 4 2 5 5 5 5 2 4 2 1 5 2 1 5 4 4 1 4 1 1 4 5 4 4 4 4 5 2 5 2
10 4 5 4 4 5 3 5 2 2 2 4 4 4 4 4 2 4 5 4 2 2 2 2 4 2 2 5 4 5 4 4 4 2 4 5 2 4 2 2 4 4 3 2 4 5 1 2 4 2 3 4 4 4 2 3 2
3 2 5 5 5 5 4 5 5 5 5 4 4 5 5 4 2 5 5 4 2 4 2 4 2 1 1 5 5 5 5 4 5 2 5 5 1 1 4 4 2 5 4 4 2 5 4 2 5 2 1 4 4 2 1 5 4
10 5 5 5 5 5 2 5 5 2 5 5 5 4 5 2 3 1 5 2 2 2 4 2 4 2 2 4 5 4 2 5 5 4 5 2 1 4 4 2 5 5 5 2 1 1 1 4 4 4 3 4 4 2 2 5 2
8 5 4 5 1 4 2 1 2 4 4 2 2 4 3 4 1 1 2 2 4 4 4 1 4 5 4 2 4 1 4 2 4 4 5 5 4 1 4 2 4 4 2 2 2 1 1 4 4 4 4 3 4 4 2 5 4
7 2 4 5 4 5 4 4 2 4 4 5 5 4 4 1 5 2 4 4 4 4 2 2 2 4 4 4 4 2 4 5 5 1 5 5 1 4 4 2 5 5 4 4 2 2 1 1 4 1 2 4 4 1 1 4 4
6 2 4 2 4 4 4 5 4 2 3 4 4 4 4 3 4 3 5 4 3 2 1 4 2 1 2 5 4 1 4 2 4 1 2 4 1 3 4 1 4 4 4 2 2 3 2 2 4 1 1 5 4 4 1 4 1
8 5 4 5 4 2 2 5 4 5 4 1 2 4 4 2 1 4 5 4 1 4 5 1 4 5 2 5 4 2 4 2 4 5 5 5 2 4 4 2 5 2 2 2 1 4 1 5 4 5 2 5 1 4 1 5 4
2 4 4 5 1 3 4 5 3 2 4 5 5 4 5 3 4 3 2 1 4 5 1 4 2 3 3 4 2 2 4 5 4 2 4 4 4 3 4 2 5 5 4 5 2 3 5 3 5 2 3 3 3 5 4 5 4
2 1 5 1 1 5 1 5 1 1 5 5 5 1 5 1 1 1 1 1 3 5 5 1 5 1 1 5 1 1 5 5 5 1 1 5 1 5 5 1 5 5 5 5 1 1 1 1 5 5 5 5 5 5 5 5 1
24 2 4 5 1 4 4 5 2 2 1 5 5 4 2 4 1 1 4 4 1 2 4 4 5 5 5 4 5 2 5 5 5 5 5 5 1 1 1 1 5 5 2 2 3 1 2 5 2 4 1 1 5 5 2 4 1
11 1 5 2 5 5 5 5 5 5 2 5 5 4 5 1 1 1 5 5 2 4 1 5 1 1 1 5 4 2 2 5 5 1 2 5 1 4 2 1 5 5 5 5 2 1 1 2 5 1 1 5 4 5 5 5 2
7 4 5 5 4 5 2 5 4 5 4 5 5 5 2 1 1 1 5 5 4 4 4 2 4 4 4 2 1 4 4 5 5 2 5 5 2 2 4 2 5 5 4 5 4 1 1 1 2 4 2 4 4 5 2 4 4
9 2 5 4 2 5 4 5 2 2 2 4 5 2 5 2 4 1 1 4 4 5 2 4 1 4 1 4 1 2 3 5 5 4 4 2 2 4 2 1 5 4 5 4 1 1 2 3 2 2 2 2 5 2 4 5 4
7 4 5 5 3 4 2 5 5 3 4 4 5 3 4 1 5 2 3 3 2 5 3 2 5 2 2 5 4 2 5 5 5 1 5 5 2 2 4 2 1 4 4 5 1 2 1 2 5 2 4 4 1 5 1 5 3
8 5 5 5 1 4 3 4 1 4 4 3 4 4 4 4 4 1 4 4 4 2 5 1 5 4 4 4 5 3 5 4 5 2 5 5 1 4 4 2 4 2 2 2 3 1 1 1 2 5 5 3 2 3 1 4 4
2 4 4 4 1 4 4 4 4 2 4 4 5 2 2 2 2 1 2 1 2 5 1 2 4 4 2 4 2 1 4 5 5 4 4 4 2 2 2 1 5 4 4 5 1 1 1 2 4 1 2 4 4 2 1 4 4
8 4 5 5 4 5 3 5 1 2 3 1 1 5 4 1 3 3 5 3 1 4 4 4 2 1 1 5 5 4 5 3 4 2 5 5 1 3 2 1 5 4 3 2 4 3 3 2 4 4 2 2 1 1 1 5 4
2 2 5 4 1 5 5 1 4 4 4 5 5 4 5 2 2 2 3 1 5 5 2 4 2 2 5 1 4 1 4 5 5 4 4 4 2 2 4 2 4 5 5 4 2 2 4 2 5 2 2 3 4 4 4 5 4
8 5 4 5 4 2 4 3 3 4 3 4 2 5 3 2 1 1 4 4 4 4 4 2 5 3 3 4 1 3 5 2 5 4 5 1 4 4 3 4 4 2 3 2 4 1 1 4 3 4 4 4 5 1 5 5 4
12 5 3 5 3 3 3 3 3 3 3 3 3 4 5 3 1 3 5 4 2 2 5 1 4 5 2 4 3 4 3 3 3 3 5 3 3 3 3 3 3 2 3 3 4 3 1 3 1 5 5 3 3 4 3 3 3
4 2 5 4 5 5 2 5 2 4 2 2 4 2 5 2 5 5 5 5 1 3 1 5 1 1 1 5 4 5 3 2 4 2 2 4 1 5 4 1 5 4 5 4 1 5 4 5 5 1 1 2 3 1 1 5 4
3 4 5 4 4 5 5 5 2 4 4 5 5 5 4 1 4 5 5 5 2 1 2 4 4 4 1 5 4 5 4 5 4 1 5 4 1 5 4 1 5 5 4 2 4 5 4 4 4 2 2 4 2 4 1 5 4
10 2 4 5 2 4 4 2 2 1 3 3 5 4 2 2 4 4 5 2 2 4 4 4 4 2 2 2 2 5 3 5 5 2 5 4 2 1 2 1 4 4 4 2 4 4 4 1 5 4 3 3 2 5 2 4 2
2 4 2 2 2 4 2 2 2 2 4 4 2 2 2 2 2 2 2 2 4 4 2 2 4 4 2 4 3 2 4 4 4 4 2 4 4 2 4 2 4 2 2 4 2 2 2 2 2 2 2 2 2 2 2 2 4
3 4 5 4 5 5 4 5 2 5 4 3 4 5 4 4 4 5 5 5 1 5 2 5 2 4 1 5 5 4 4 5 5 4 4 4 1 4 4 2 4 5 4 2 3 5 4 3 4 2 2 3 2 4 1 5 3
2 2 5 5 1 5 4 3 5 1 2 2 5 4 5 2 4 1 5 3 3 1 2 5 5 4 3 3 4 4 5 5 5 2 4 5 1 4 2 1 2 2 5 2 1 1 2 2 5 2 2 2 2 5 5 5 2
38 2 5 4 4 5 2 4 2 4 4 2 4 4 4 2 4 1 4 4 2 4 4 2 4 2 2 4 3 4 4 4 4 2 4 5 4 2 4 4 5 4 4 2 2 1 2 2 2 4 4 2 4 5 2 4 4
34 4 4 2 1 4 5 1 1 1 4 5 4 1 4 4 4 1 5 1 2 5 1 3 4 4 5 4 4 3 4 4 3 4 2 4 1 1 2 1 2 4 4 1 1 2 1 1 2 2 2 2 3 5 1 5 4
6 4 5 5 4 5 5 5 4 4 4 5 5 5 5 4 4 2 4 4 2 5 1 5 1 2 4 5 5 4 3 5 5 1 5 5 1 4 5 1 5 4 4 4 2 1 2 4 5 1 1 1 5 5 1 5 2
34 2 5 5 1 4 5 2 5 1 5 5 5 1 5 2 2 1 2 1 5 5 2 1 5 1 2 2 4 1 1 5 5 1 5 5 2 2 4 2 5 4 4 5 5 1 1 2 5 4 4 4 3 5 5 4 5
24 4 5 4 2 5 2 5 2 4 4 4 5 4 4 5 2 1 4 2 4 2 4 1 4 4 4 2 5 5 5 5 5 4 4 5 4 2 4 2 2 5 4 4 2 1 1 4 1 4 5 4 4 2 1 5 4
10 4 5 5 2 5 2 1 3 4 4 5 5 4 5 4 4 3 5 4 5 4 2 4 5 4 4 4 4 4 4 4 5 4 5 5 4 2 4 4 4 4 5 2 4 3 4 4 4 2 4 2 2 3 2 4 5
8 4 5 5 2 4 2 4 2 4 4 4 2 5 4 4 1 1 5 4 4 2 4 2 4 4 3 5 4 4 5 2 2 4 5 5 4 4 4 2 4 1 4 1 1 1 1 1 5 4 1 4 2 4 2 4 2
24 2 4 5 1 4 5 5 3 4 4 4 5 5 4 2 1 1 5 2 5 2 4 2 2 2 5 2 5 1 4 5 5 2 4 5 2 1 4 2 2 1 4 3 1 1 2 4 5 5 1 1 1 5 1 5 2
9 4 4 5 4 4 1 1 2 5 4 2 1 5 4 4 1 1 1 5 4 5 5 2 4 5 4 4 4 1 4 1 5 5 5 5 5 4 4 2 5 2 4 1 2 1 1 5 4 5 5 4 5 2 4 2 5
6 2 5 5 5 5 5 5 4 4 4 4 4 4 5 5 4 5 2 5 4 4 2 5 4 4 1 5 5 5 2 2 5 1 4 4 1 5 5 4 5 4 5 4 1 5 4 4 4 2 1 3 5 2 1 5 4
7 2 5 4 1 4 3 4 2 2 4 2 4 4 2 2 4 2 4 4 2 4 2 4 2 2 4 2 4 2 5 4 5 2 4 5 2 2 4 2 2 4 2 2 2 2 2 2 4 2 2 3 2 2 2 4 2
2 5 5 5 4 5 2 4 4 4 4 4 4 2 4 4 4 1 5 1 4 5 4 2 5 5 2 5 1 1 5 4 5 4 4 5 2 1 4 2 5 4 5 5 1 1 1 1 2 4 1 1 4 4 1 2 1
7 4 5 5 2 4 4 5 2 4 4 4 5 4 4 2 4 2 5 4 2 2 2 4 2 4 1 5 4 4 4 5 4 2 4 4 2 4 4 4 4 4 4 4 2 2 1 2 4 2 2 4 1 2 2 3 4
9 4 5 5 1 5 2 2 4 2 4 4 4 2 4 2 4 1 1 2 4 5 4 2 4 4 4 2 5 2 4 4 5 4 5 5 4 2 4 2 5 4 4 4 1 1 1 2 5 4 2 4 4 4 2 4 2
3 2 5 4 4 5 5 5 5 5 2 5 5 4 5 4 1 4 5 4 2 3 2 5 4 1 4 4 2 2 4 5 5 1 5 5 1 5 2 2 2 5 5 2 2 4 5 2 5 2 1 4 3 4 3 5 1
8 4 5 5 3 4 2 2 2 4 4 5 1 5 2 4 2 1 5 4 2 4 4 2 4 4 2 5 4 1 5 1 2 4 5 4 2 2 4 2 5 3 2 2 2 2 2 2 4 3 2 5 4 3 1 5 4
2 4 4 4 2 4 5 2 2 2 1 4 4 2 5 2 2 2 4 2 4 4 1 2 4 4 4 2 4 2 4 4 5 1 4 2 2 2 1 2 4 4 5 4 1 2 2 2 4 1 2 2 4 4 2 5 4
34 2 5 4 1 5 5 5 4 1 2 5 5 1 5 2 2 1 1 1 5 5 2 2 4 2 2 4 1 1 5 5 5 1 5 2 1 1 2 1 5 5 5 5 1 1 1 2 5 1 4 5 5 5 5 5 4
34 4 5 5 1 5 5 2 3 1 4 4 5 1 5 2 2 1 3 1 5 4 2 3 4 4 2 4 5 4 4 5 5 1 5 5 2 1 4 2 5 5 5 5 1 1 1 2 5 2 2 1 4 5 4 5 5
24 4 5 2 2 5 5 4 2 2 4 5 5 2 5 2 3 3 5 2 5 4 1 4 4 2 4 2 4 3 4 5 3 2 4 4 2 3 4 2 5 5 5 4 2 2 2 3 4 2 2 4 3 5 4 5 2
7 5 5 4 3 5 5 2 1 4 1 5 5 4 5 1 3 4 4 4 2 4 1 4 2 4 1 4 1 2 4 5 4 3 3 5 1 5 4 2 5 5 5 4 1 4 4 2 4 1 3 2 4 3 4 5 2
2 4 4 4 1 4 4 1 2 5 4 5 5 1 4 2 4 1 1 1 4 5 3 1 4 4 4 2 4 1 4 4 5 2 4 5 3 3 4 4 4 4 4 5 1 1 1 1 5 2 1 1 5 2 3 4 4
2 4 4 4 1 4 4 1 2 4 4 3 5 1 5 2 4 2 1 1 4 4 3 4 4 3 1 4 5 2 4 5 4 3 4 4 3 3 4 4 4 2 4 5 1 2 2 3 2 3 2 2 2 3 4 4 2
8 4 5 5 1 4 3 2 5 5 4 3 3 2 4 3 2 2 2 1 3 4 3 2 4 4 3 4 5 1 5 3 2 1 5 5 3 4 4 4 4 3 3 4 2 3 1 4 4 4 2 4 2 4 3 4 3
4 2 5 3 5 5 4 5 3 2 2 4 5 4 5 4 5 3 5 5 1 1 2 5 1 1 1 5 3 4 4 5 5 1 3 4 1 5 3 1 5 5 5 3 1 3 5 3 5 1 2 5 3 1 1 5 1
10 4 5 5 5 4 4 5 4 2 4 5 5 5 5 2 2 5 5 5 2 5 4 4 4 2 2 5 5 4 4 5 5 3 4 5 2 2 4 2 4 5 5 2 2 5 5 2 4 2 2 4 4 4 2 5 2
4 1 5 2 5 5 5 5 5 4 4 2 5 4 5 4 4 5 5 5 2 1 1 5 1 1 1 4 5 5 4 4 5 1 2 5 1 4 4 1 5 4 5 2 2 5 2 4 5 1 2 4 2 2 1 4 4
7 5 5 5 2 5 2 1 5 5 5 5 5 4 5 1 4 2 5 2 1 2 4 1 4 5 5 2 2 1 4 5 5 3 5 5 4 2 4 2 5 2 4 5 1 2 2 2 4 4 4 3 1 5 3 5 2
8 5 4 5 2 4 2 4 2 5 5 4 2 4 4 4 2 2 5 2 1 2 2 2 2 4 2 5 2 2 4 2 4 4 5 5 4 2 5 4 2 2 2 2 2 1 2 4 2 2 2 4 4 2 1 4 4
12 2 5 5 1 5 1 4 4 2 5 3 4 5 5 1 1 1 5 5 3 4 4 2 5 3 1 4 4 5 5 4 4 1 5 5 4 5 5 2 4 4 3 2 1 1 1 5 5 5 1 4 3 5 1 5 4
2 4 4 4 1 4 3 4 4 5 5 5 5 3 5 1 4 1 3 1 4 3 2 1 3 4 5 1 1 1 1 5 5 2 4 5 1 2 5 4 4 5 4 4 1 1 1 2 5 2 3 1 4 5 3 5 1
2 5 5 5 1 5 5 1 1 4 1 5 5 1 5 1 2 1 3 1 5 5 1 1 4 5 5 5 5 1 3 5 5 5 1 5 4 4 1 1 5 5 5 5 1 1 1 3 5 1 1 1 5 5 1 5 1
6 4 5 4 4 5 4 5 5 4 4 5 4 4 5 2 4 2 5 4 4 2 2 4 1 4 2 4 5 2 4 2 5 1 4 4 1 4 2 2 4 2 4 2 2 2 2 2 4 2 2 2 2 2 4 5 2
8 4 5 4 2 4 2 5 5 4 4 5 4 4 4 2 2 1 3 3 4 5 3 4 5 3 2 4 3 2 4 4 5 4 4 4 3 2 4 2 2 4 4 2 4 1 2 2 2 3 1 2 3 4 3 5 1
10 4 5 5 2 4 4 5 5 4 5 5 2 4 4 5 2 3 4 2 5 5 5 2 4 5 4 4 5 5 4 4 5 2 4 5 4 2 5 5 5 2 2 2 1 3 2 4 2 5 5 4 4 5 2 5 5
8 4 4 5 2 5 2 4 2 4 5 4 2 5 2 4 1 1 5 4 2 2 5 1 4 5 2 4 5 4 5 2 4 4 5 5 5 2 5 4 5 2 2 1 4 1 1 4 2 5 4 4 4 4 4 4 4
8 4 4 5 2 4 2 4 2 4 4 4 1 5 3 4 1 1 5 4 4 4 5 1 5 5 2 4 5 4 5 1 2 4 5 5 4 5 4 2 5 2 3 1 2 1 1 5 2 5 4 2 5 2 2 4 4
6 2 5 5 5 5 4 5 4 5 4 5 5 4 4 1 3 3 5 3 4 3 3 5 3 3 3 3 5 3 3 5 5 1 5 5 1 3 2 1 4 5 5 3 4 4 4 1 5 1 1 3 3 3 1 5 1
6 2 5 4 2 5 3 5 4 3 2 3 5 4 4 3 4 3 5 4 2 3 2 4 2 4 2 5 3 2 5 5 4 1 4 5 1 3 2 1 3 2 4 2 2 3 1 4 5 3 1 3 2 5 1 5 3
8 2 4 5 2 1 2 1 1 4 5 4 4 2 2 2 2 1 2 2 5 5 4 1 5 4 3 2 3 2 3 5 5 2 5 4 4 1 4 4 2 5 4 4 1 1 1 3 5 4 4 4 5 2 3 3 4
8 4 4 5 3 4 1 4 2 2 5 2 2 5 4 4 2 1 4 3 1 5 4 2 4 4 3 4 4 3 5 2 5 1 5 4 1 2 4 1 5 4 3 4 2 1 1 5 5 4 2 3 4 4 1 3 2
7 4 4 5 2 4 4 4 4 4 4 4 5 2 4 1 4 1 4 2 4 4 2 2 4 4 4 4 2 3 4 5 5 4 4 5 2 4 4 2 4 4 4 4 2 1 1 2 4 2 2 4 4 2 1 5 2
6 1 5 4 4 4 4 4 4 2 2 3 5 4 5 4 2 3 5 5 2 2 1 5 4 2 1 5 3 4 5 5 3 1 4 5 1 2 4 1 5 4 5 2 2 3 4 4 5 1 2 3 4 1 1 5 5
7 4 4 2 1 3 3 2 4 5 3 5 5 2 2 4 4 3 1 4 4 5 2 1 4 4 4 5 4 1 4 5 5 4 2 5 3 2 2 3 4 3 2 4 1 4 1 4 2 2 4 4 1 4 2 5 3
7 4 4 2 2 4 5 4 2 5 4 5 5 3 5 1 4 3 4 3 4 4 2 4 4 3 4 3 4 1 2 5 5 2 3 5 4 2 4 2 5 5 4 4 2 3 1 5 3 1 3 5 1 5 1 5 3
10 2 5 4 5 4 2 2 5 2 2 3 1 5 2 5 2 1 5 5 5 5 2 2 5 5 4 2 5 3 5 1 5 1 4 5 5 5 2 2 1 5 1 1 1 1 1 5 5 1 5 5 5 1 1 5 1
6 1 5 4 4 5 5 5 5 4 4 5 5 4 5 2 2 5 5 4 4 4 1 5 4 1 2 5 5 4 5 5 5 1 4 5 1 4 4 2 5 5 5 2 2 4 4 4 5 1 1 4 2 2 1 5 1
6 2 5 2 5 4 3 4 1 5 3 3 2 4 2 2 4 2 5 5 3 4 2 3 2 1 2 2 5 5 2 2 2 1 4 5 3 4 3 1 2 2 2 2 4 2 4 4 5 2 1 2 3 2 1 3 3
3 2 4 4 4 2 5 1 1 1 5 4 5 4 5 2 2 4 5 5 1 1 2 4 1 2 1 5 5 4 4 5 5 4 4 5 1 2 5 1 5 5 5 2 1 4 4 4 5 2 2 4 2 5 1 5 1
6 2 5 2 5 4 4 4 5 4 1 4 4 5 4 3 4 3 5 4 4 4 1 4 2 1 2 5 2 5 4 4 5 1 2 4 1 3 2 1 4 5 4 2 2 3 5 3 2 1 2 3 4 2 1 2 1
24 4 5 5 4 5 2 5 5 4 4 4 5 5 5 4 4 1 5 5 4 2 4 2 2 5 2 4 5 3 5 5 5 4 5 4 5 1 2 2 4 4 5 2 2 1 2 2 2 4 1 4 4 4 3 5 4
2 4 4 5 1 4 5 1 1 5 1 5 4 1 5 1 5 1 1 1 5 5 2 1 5 5 5 1 1 1 5 5 5 5 1 5 1 5 1 1 5 1 5 5 1 1 1 1 5 1 1 5 1 5 1 5 1
8 4 4 5 2 4 2 4 2 4 2 4 2 5 3 4 1 2 5 4 2 2 4 1 4 5 2 4 5 3 4 2 1 4 5 5 4 5 2 2 5 2 3 2 2 2 1 5 2 4 4 2 5 5 2 4 5
3 2 5 5 5 4 2 5 4 3 4 4 5 5 4 2 4 1 5 5 2 3 2 4 3 2 1 5 4 5 5 5 5 3 4 5 2 4 4 1 5 5 4 1 1 1 1 4 4 3 2 4 4 1 2 5 3
6 2 5 5 2 4 5 4 3 4 1 5 5 4 5 2 2 5 5 4 2 2 1 5 1 2 2 2 2 1 2 5 5 1 5 5 1 2 1 2 5 4 2 2 1 5 1 5 5 1 1 3 3 2 1 5 2
8 5 5 5 1 5 1 5 2 4 4 2 4 5 5 2 2 1 5 2 4 2 4 2 4 5 4 4 5 5 5 4 5 1 5 5 4 1 5 4 5 5 4 1 4 1 1 2 5 4 2 1 4 2 1 5 4
8 4 5 5 2 5 1 4 2 4 4 4 4 2 4 2 1 1 3 3 4 5 5 2 5 4 2 4 5 4 5 2 5 4 5 2 2 2 4 4 4 4 4 4 4 1 1 1 4 5 4 2 5 5 3 4 4
2 2 4 2 1 4 3 2 3 4 4 3 4 1 4 3 2 1 3 1 4 4 2 1 4 4 4 2 2 1 4 4 5 2 4 4 1 1 4 2 2 4 4 2 1 1 1 1 5 2 2 4 3 4 2 4 1
2 4 4 5 1 4 2 2 2 2 4 2 2 1 4 4 1 2 1 1 5 4 4 1 5 5 4 4 4 2 4 2 2 4 5 5 4 2 4 2 4 2 4 5 1 2 1 2 2 4 4 4 2 4 2 4 2
2 2 2 4 1 2 1 1 3 2 5 4 2 1 5 2 3 1 3 1 2 5 4 1 5 5 5 4 3 1 1 2 4 5 4 5 5 2 5 1 4 2 5 5 1 1 1 1 5 4 4 3 5 3 2 5 3
10 4 5 4 4 4 2 5 2 4 2 5 5 5 4 2 1 4 5 2 4 2 2 4 4 2 2 4 4 4 4 5 5 2 4 4 2 4 2 2 4 5 4 2 2 4 2 2 4 2 4 2 5 4 1 4 4
10 4 5 4 5 5 4 5 4 4 4 4 4 5 5 1 4 4 5 5 2 2 2 4 1 4 1 5 5 4 5 5 5 1 4 5 2 4 5 2 5 5 5 2 3 4 4 3 4 2 2 5 2 2 1 4 3
3 4 5 4 4 5 4 5 2 4 4 5 2 5 4 4 4 4 5 5 1 2 2 4 1 4 2 5 5 4 4 4 4 4 4 5 1 4 4 4 5 4 4 1 2 4 4 4 4 2 2 4 4 4 2 5 2
7 4 5 4 4 5 4 4 5 4 5 3 5 5 4 1 4 4 3 5 1 4 3 2 3 4 2 5 4 1 5 5 5 1 4 5 1 3 4 2 2 4 4 2 2 4 2 2 3 3 3 3 2 1 1 3 3
8 5 5 4 5 4 4 3 3 4 4 5 2 5 5 4 3 5 4 5 4 5 4 3 5 4 3 5 2 4 3 4 5 1 5 5 1 4 2 4 3 4 4 3 2 5 2 3 4 4 4 3 1 4 1 5 1
8 2 5 4 3 4 3 3 4 4 4 4 5 4 4 2 4 1 5 4 3 4 4 2 3 2 4 4 4 4 4 5 5 2 5 4 1 2 4 2 4 4 4 3 2 1 1 2 2 4 1 3 3 3 2 4 2
8 4 5 5 4 5 4 4 5 4 5 4 5 4 4 2 3 1 1 4 1 5 4 2 1 2 2 4 5 4 4 5 5 4 4 4 2 1 5 1 4 4 4 4 1 1 2 1 5 4 2 5 5 2 2 5 4
10 4 5 5 4 5 2 5 2 4 2 4 4 5 4 2 2 2 5 5 2 2 4 1 4 4 2 4 5 4 4 4 4 1 5 5 2 4 2 1 5 5 4 2 1 2 1 4 4 2 4 3 3 2 2 4 2
10 4 5 5 4 5 2 5 4 4 2 5 4 4 4 2 2 2 5 4 2 5 2 2 4 2 4 4 4 1 4 5 5 1 5 5 2 2 2 2 5 5 4 2 2 2 1 4 4 2 2 2 4 4 2 4 2
6 2 2 2 5 5 5 5 5 4 2 3 2 4 4 4 4 5 5 5 4 2 1 5 1 1 2 5 5 1 5 2 5 1 1 5 1 5 2 2 5 5 4 2 1 5 5 5 4 1 2 4 5 5 1 5 5
10 4 5 5 4 2 2 5 4 2 2 4 2 4 4 2 2 2 5 5 2 5 1 4 2 3 2 5 5 3 4 2 5 4 5 5 4 4 2 1 3 4 4 4 2 2 4 4 2 2 1 3 3 4 2 4 1
2 4 4 5 1 4 2 4 5 4 2 5 2 2 4 4 1 1 4 2 2 5 4 2 4 4 4 4 5 2 5 2 5 4 4 4 2 2 1 1 2 2 3 4 1 1 1 5 2 4 4 3 2 2 2 5 4
24 5 5 5 3 4 2 1 4 5 5 3 5 2 2 2 2 3 5 3 1 4 1 2 5 3 4 4 4 1 4 5 5 1 5 5 3 3 5 4 1 3 1 2 1 3 1 2 5 1 3 3 5 3 5 3 1
10 5 5 4 5 4 2 5 4 4 4 4 5 5 4 2 4 5 5 4 1 1 4 4 4 2 1 5 5 5 5 5 4 4 5 5 2 4 4 1 4 4 4 1 1 5 4 4 4 2 2 1 4 5 1 4 4
10 2 5 4 4 4 2 5 2 2 2 3 3 4 4 3 3 3 5 4 2 2 2 4 2 3 2 4 5 1 4 3 4 3 4 5 3 2 3 2 4 2 2 3 4 2 2 2 4 2 2 2 3 4 3 4 4
4 1 5 2 4 4 5 5 2 4 2 5 5 2 5 2 5 5 5 5 1 1 1 5 1 2 1 5 4 5 5 5 5 1 2 5 1 2 2 1 4 4 5 5 2 5 5 2 5 1 2 4 3 2 1 4 4
4 1 5 2 5 5 5 5 3 5 2 3 4 5 5 2 5 5 5 5 2 1 1 5 1 1 1 5 5 4 5 5 5 5 1 5 4 3 2 4 4 5 5 1 5 5 4 5 5 1 1 3 2 5 1 5 1
